I
1000 Generated by WorldEditor

1    268 1 0 EGAA Belfast Aldergrove
100 45.11 1 0 0.00 1 3 1 07  54.65225600 -006.23523900    0    0 2 3 0 0 25  54.66257643 -006.19679749    0   56 3 3 1 0
100 45.11 1 0 0.00 0 3 1 17  54.65792200 -006.22862200  160    0 3 3 0 0 35  54.64255600 -006.21998600  153    0 2 10 0 0
110 1 0.00 120.0000 New Taxiway 41
111  54.66337466 -006.19951954
112  54.66334134 -006.19940485  54.66332682 -006.19939207
111  54.66308925 -006.19919926
111  54.66254566 -006.19869742
111  54.66237443 -006.19852884
112  54.66232925 -006.19854529  54.66231551 -006.19858317
111  54.66237386 -006.19837826
112  54.66241248 -006.19850417  54.66246268 -006.19854848
111  54.66335627 -006.19932237
114  54.66340456 -006.19930623  54.66341624 -006.19927072
110 1 0.00 120.0000 New Taxiway 2
111  54.65568421 -006.23149098
112  54.65544827 -006.23066803  54.65555360 -006.23041314
112  54.65558730 -006.23042042  54.65564207 -006.23044227
111  54.65567999 -006.23052238
111  54.65567157 -006.23069716
112  54.65565050 -006.23102489  54.65570167 -006.23135434
113  54.65577524 -006.23124014
110 1 0.00 120.0000 New Taxiway 1
111  54.65534303 -006.23236272
112  54.65512386 -006.23192066  54.65512807 -006.23146913
112  54.65528817 -006.23133076  54.65535979 -006.23133804
111  54.65551568 -006.23141087
111  54.65550578 -006.23165598
112  54.65530924 -006.23200077  54.65539771 -006.23221925
113  54.65541327 -006.23219864
110 1 0.00 120.0000 New Taxiway 22
111  54.65702431 -006.21417901
111  54.65584130 -006.21798376
111  54.65491274 -006.21889315
111  54.65484723 -006.21931129
111  54.65461777 -006.21923918
111  54.65453433 -006.22024878
111  54.65401283 -006.22021273
111  54.65397111 -006.22095791
111  54.65352609 -006.22086176
111  54.65347741 -006.22160695
111  54.65297764 -006.22151147
111  54.65296007 -006.22244093
111  54.65262689 -006.22284085
111  54.65201606 -006.22285685
111  54.65196053 -006.22362469
111  54.65134970 -006.22344872
111  54.65112758 -006.22351271
111  54.65107205 -006.22295283
111  54.65120162 -006.22191305
111  54.65165511 -006.22196103
111  54.65168288 -006.22122519
111  54.65184022 -006.22109722
111  54.65227520 -006.22047335
111  54.65298783 -006.22077728
111  54.65364494 -006.21989747
111  54.65367270 -006.21919362
111  54.65392259 -006.21871371
111  54.65448714 -006.21898566
111  54.65493138 -006.21858574
111  54.65571438 -006.21774617
113  54.65687286 -006.21413538
111  54.65435914 -006.21922209
112  54.65407409 -006.21957401  54.65383994 -006.21992593
111  54.65415553 -006.21990833
113  54.65447113 -006.21950362
112  54.65374831 -006.22004910  54.65370759 -006.22004910
112  54.65354470 -006.22057698  54.65358542 -006.22084091
113  54.65386030 -006.22026025
111  54.65226196 -006.22201984
112  54.65202781 -006.22244214  54.65200745 -006.22282925
113  54.65233322 -006.22221340
111  54.65267936 -006.22143918
112  54.65262846 -006.22186148  54.65268954 -006.22217820
113  54.65288297 -006.22149196
111  54.65252665 -006.22089370
112  54.65236377 -006.22135120  54.65241467 -006.22161513
113  54.65266918 -006.22103447
111  54.65168178 -006.22277254
112  54.65157072 -006.22322043  54.65170954 -006.22341239
113  54.65182986 -006.22290051
112  54.65204272 -006.22157282  54.65202421 -006.22158882
112  54.65185762 -006.22206870  54.65190390 -006.22234064
113  54.65215378 -006.22178077
111  54.65155221 -006.22221267
112  54.65137636 -006.22267656  54.65145040 -006.22294850
113  54.65168178 -006.22243662
110 1 0.00 120.0000 New Taxiway 21
111  54.65754162 -006.21143792
111  54.65702431 -006.21417901
111  54.65687286 -006.21413538
113  54.65739012 -006.21149211
110 1 0.00 120.0000 New Taxiway 15
111  54.65881314 -006.21001467
112  54.65788119 -006.21013747  54.65753640 -006.21113990
111  54.65754162 -006.21143792
111  54.65739012 -006.21149211
111  54.65764088 -006.21050774
112  54.65745803 -006.20989364  54.65722295 -006.20972205
112  54.65698263 -006.20992073  54.65686770 -006.20999298
112  54.65660649 -006.20973108  54.65652813 -006.20937887
112  54.65620419 -006.20884996  54.65592118 -006.20867808
112  54.65623478 -006.20809633  54.65617359 -006.20799056
112  54.65601297 -006.20789801  54.65592118 -006.20773935
112  54.65612005 -006.20678741  54.65631892 -006.20664197
112  54.65670900 -006.20693284  54.65680079 -006.20734271
112  54.65673960 -006.20755425  54.65677019 -006.20784513
112  54.65693082 -006.20789801  54.65706849 -006.20787157
112  54.65705320 -006.20845331  54.65700730 -006.20877063
112  54.65719852 -006.20927305  54.65753507 -006.20945815
112  54.65780277 -006.20978868  54.65793280 -006.20969613
112  54.65822345 -006.20937882  54.65833819 -006.20932593
113  54.65889654 -006.20973580
112  54.65683538 -006.20927245  54.65678908 -006.20926402
112  54.65672084 -006.20959263  54.65682076 -006.20994653
113  54.65700354 -006.20957578
111  54.65665738 -006.20797619
112  54.65667828 -006.20835549  54.65690815 -006.20897861
113  54.65687158 -006.20813875
112  54.65640662 -006.20818390  54.65639617 -006.20817487
112  54.65633348 -006.20865350  54.65653200 -006.20911407
113  54.65657902 -006.20852707
111  54.65624990 -006.20724907
112  54.65609840 -006.20766012  54.65630214 -006.20813875
113  54.65633871 -006.20755175
111  54.65656857 -006.20694202
112  54.65644842 -006.20739356  54.65658947 -006.20789928
113  54.65665216 -006.20728519
110 1 0.00 120.0000 New Taxiway 14
111  54.66013697 -006.21167020
112  54.65968017 -006.21075277  54.65936499 -006.21050646
112  54.65910744 -006.21054248  54.65904268 -006.21061712
111  54.65927018 -006.20988824
112  54.66009465 -006.21085726  54.66021554 -006.21118568
114  54.66028995 -006.21108841  54.66032449 -006.21101377
110 1 0.00 120.0000 New Taxiway 13
112  54.65386315 -006.23647920  54.65377971 -006.23685178
111  54.65358501 -006.23679169
111  54.65305655 -006.23632295
111  54.65311218 -006.23584220
111  54.65244877 -006.23530879
112  54.65259763 -006.23479656  54.65249031 -006.23523019
112  54.65292444 -006.23538549  54.65315390 -006.23555375
111  54.65324430 -006.23520520
112  54.65356415 -006.23429177  54.65357806 -006.23429177
113  54.65421777 -006.23474849
110 1 0.00 120.0000 New Taxiway 12
111  54.65485974 -006.23313893
111  54.65466539 -006.23270700
111  54.65448029 -006.23257902
111  54.65452656 -006.23208310
111  54.65476719 -006.23205111
111  54.65479496 -006.23256302
113  54.65498981 -006.23299330
110 1 0.00 120.0000 New Taxiway 10
111  54.65534939 -006.23294229
112  54.65541637 -006.23349695  54.65572178 -006.23322499
112  54.65583284 -006.23365693  54.65604571 -006.23416885
111  54.65624932 -006.23479275
111  54.65574955 -006.23551264
111  54.65558296 -006.23519269
111  54.65541637 -006.23546465
111  54.65524052 -006.23509671
111  54.65543488 -006.23479275
112  54.65508319 -006.23428083  54.65486107 -006.23455279
112  54.65491660 -006.23471277  54.65498138 -006.23480875
111  54.65475926 -006.23492073
112  54.65421777 -006.23474849  54.65383364 -006.23504484
111  54.65404646 -006.23464103
112  54.65410216 -006.23410486  54.65372270 -006.23410486
112  54.65323265 -006.23394485  54.65300127 -006.23383287
112  54.65272486 -006.23405683  54.65266933 -006.23423279
111  54.65300127 -006.23285704
112  54.65332520 -006.23356092  54.65354732 -006.23364090
112  54.65425995 -006.23364090  54.65451909 -006.23341694
114  54.65517589 -006.23275985  54.65517907 -006.23272284
111  54.65506513 -006.23364090
112  54.65491705 -006.23357691  54.65477823 -006.23351292
112  54.65461164 -006.23376888  54.65443580 -006.23391285
112  54.65467643 -006.23423279  54.65484302 -006.23426479
113  54.65505588 -006.23392885
110 1 0.00 120.0000 New Taxiway 3
111  54.65604469 -006.23054019
112  54.65586372 -006.22974893  54.65600760 -006.22949569
112  54.65608870 -006.22946404  54.65616195 -006.22947308
112  54.65626659 -006.22953187  54.65626136 -006.22964492
111  54.65625613 -006.22977606
112  54.65604423 -006.22981676  54.65599452 -006.22991173
114  54.65613639 -006.23032523  54.65620440 -006.23034331
110 1 0.00 120.0000 New Taxiway 9
111  54.65733951 -006.22864716
112  54.65681256 -006.22926696  54.65659419 -006.22992259
111  54.65625765 -006.23066452
111  54.65664467 -006.23075178
111  54.65665309 -006.23030092
111  54.65676247 -006.23017002
111  54.65682977 -006.23099902
111  54.65611462 -006.23108629
111  54.65545035 -006.23268051
111  54.65587103 -006.23253507
111  54.65590469 -006.23198242
111  54.65601407 -006.23202605
111  54.65611503 -006.23265142
111  54.65534939 -006.23294229
111  54.65517589 -006.23275985
111  54.65534303 -006.23236272
111  54.65541327 -006.23219864
111  54.65568629 -006.23148005
111  54.65577524 -006.23124014
111  54.65604469 -006.23054019
111  54.65613639 -006.23032523
114  54.65667033 -006.22826920  54.65645158 -006.22813831
110 2 0.00 120.0000 New Taxiway 8
112  54.65916558 -006.21534605  54.65928061 -006.21482213 102
111  54.65911480 -006.21440558 102
112  54.65888752 -006.21411852  54.65887603 -006.21409865 102
112  54.65847437 -006.21385302  54.65829622 -006.21381328 102
111  54.65817554 -006.21393249
111  54.65854333 -006.21243239
112  54.65850032 -006.21282737  54.65844285 -006.21325455 102
111  54.65876170 -006.21349200 102
112  54.65913523 -006.21384964  54.65939957 -006.21405827 102
113  54.65954802 -006.21365357
110 1 0.00 120.0000 New Taxiway 7
111  54.65733302 -006.22667398
111  54.65727480 -006.22796058
112  54.65682362 -006.22764039  54.65698510 -006.22768965
111  54.65701359 -006.22735304
113  54.65708649 -006.22664120
110 1 0.00 120.0000 New Taxiway 6
111  54.65782705 -006.22106426
111  54.65817375 -006.22135248
111  54.65814214 -006.22154917
111  54.65780080 -006.22136340
111  54.65768069 -006.22196442
111  54.65820536 -006.22209555
111  54.65821168 -006.22231410
111  54.65762380 -006.22227039
111  54.65756059 -006.22296975
111  54.65733302 -006.22667398
111  54.65708649 -006.22664120
111  54.65732038 -006.22318810
111  54.65739623 -006.22182215
113  54.65765113 -006.22097171
110 1 0.00 120.0000 New Taxiway 5
111  54.66064274 -006.21056362
111  54.66047322 -006.21120807
112  54.66053800 -006.21152801  54.66070488 -006.21158811
112  54.66073965 -006.21146790  54.66076746 -006.21138376
112  54.66094825 -006.21125153  54.66113599 -006.21139578
111  54.66227621 -006.21236340
111  54.66145159 -006.21535772
111  54.66091202 -006.21511134
111  54.66075932 -006.21595609
111  54.66094256 -006.21606168
111  54.66068805 -006.21739919
111  54.66083058 -006.21755758
111  54.66022993 -006.21866631
111  54.66017903 -006.21882595
111  54.65939513 -006.21820999
111  54.65928315 -006.21847398
111  54.66004668 -006.21916033
111  54.66000596 -006.21956511
111  54.66015676 -006.22078418
111  54.66013967 -006.22138654
111  54.66026924 -006.22164253
111  54.66022297 -006.22177052
111  54.66007578 -006.22180594
111  54.65944093 -006.22431821
111  54.65859192 -006.22364387
111  54.65850014 -006.22295630
111  54.65830892 -006.22245385
111  54.65842365 -006.22200428
111  54.65840835 -006.22142249
111  54.65850014 -006.22113160
111  54.65899731 -006.22150183
111  54.65909674 -006.22105226
111  54.65824008 -006.22041759
112  54.65797237 -006.22051014  54.65791883 -006.22081426
111  54.65782705 -006.22106426
111  54.65765113 -006.22097171
111  54.65916558 -006.21534605
111  54.65954802 -006.21365357
111  54.66013697 -006.21167020
111  54.66028995 -006.21108841
113  54.66045949 -006.21045802
110 1 0.00 120.0000 New Taxiway 4
111  54.66158378 -006.20709265
111  54.66112408 -006.20870548
112  54.66120821 -006.20904928  54.66139095 -006.20919529
111  54.66143768 -006.20922117
111  54.66179717 -006.20804434
111  54.66214901 -006.20828235
111  54.66178187 -006.20976331
111  54.66111643 -006.20918150
112  54.66097110 -006.20928729  54.66091419 -006.20949977
111  54.66064274 -006.21056362
111  54.66045949 -006.21045802
113  54.66138221 -006.20693777
110 1 0.00 120.0000 New Taxiway 3
111  54.66325177 -006.20100331
111  54.66158378 -006.20709265
111  54.66138221 -006.20693777
113  54.66301185 -006.20091333
110 1 0.00 120.0000 New Taxiway 1
111  54.66275760 -006.19694170
111  54.66337813 -006.19750168
112  54.66368185 -006.19904861  54.66353789 -006.20008334
111  54.66325177 -006.20100331
111  54.66301185 -006.20091333
111  54.66337466 -006.19951954
112  54.66331078 -006.19795293  54.66303031 -006.19770448
113  54.66263207 -006.19739456
110 1 0.00 120.0000 New Taxiway 43
111  54.64602964 -006.22038439
111  54.64388196 -006.21919647
112  54.64340348 -006.22002332  54.64380052 -006.22081498
111  54.64262976 -006.21972425
112  54.64361727 -006.21900295  54.64407539 -006.21893258
113  54.64614477 -006.22028804
110 1 0.00 120.0000 New Taxiway 41
111  54.65112758 -006.22351271 102
112  54.65094842 -006.22429993  54.65118403 -006.22450852
111  54.65053938 -006.22411930 102
112  54.65075878 -006.22357486  54.65068982 -006.22339608 102
112  54.65031526 -006.22302494  54.65013137 -006.22299515 102
111  54.64948932 -006.22233338 102
111  54.64766620 -006.22154258 102
111  54.64630729 -006.22096598 102
112  54.64592867 -006.22147488  54.64618950 -006.22185292
111  54.64530607 -006.22119862 102
111  54.64592026 -006.22073335 102
112  54.64602964 -006.22038439  54.64581088 -006.22025353 102
111  54.64641666 -006.22028261 102
112  54.64687209 -006.21959437  54.64712617 -006.21972327 102
111  54.64804891 -006.22029715 102
112  54.64809939 -006.22095144  54.64806573 -006.22148942 102
112  54.64857896 -006.22166390  54.64878931 -006.22170752 102
112  54.64885578 -006.22144578  54.64887261 -006.22132945 102
111  54.64902406 -006.22141670 102
111  54.64899040 -006.22179476 102
111  54.64953729 -006.22208557 102
111  54.65000004 -006.22211465 5 102
111  54.65012624 -006.22218735 102
111  54.65013466 -006.22255087 102
111  54.65068995 -006.22196924 102
111  54.65091229 -006.22284172 102
113  54.65107205 -006.22295283 5 102
111  54.65066830 -006.22253635
111  54.65048320 -006.22246365
112  54.65045796 -006.22289989  54.65064306 -006.22311801
113  54.65076085 -006.22278356
110 1 0.00 120.0000 New Taxiway 31
112  54.65220981 -006.23462249  54.65227631 -006.23436802
111  54.65218039 -006.23417101
111  54.65164285 -006.23250657
112  54.65106728 -006.23028590  54.65104241 -006.23022409
111  54.65082253 -006.22984912
111  54.65035836 -006.22969508
111  54.65037068 -006.22886485
111  54.64987795 -006.22912030
111  54.64966853 -006.22860940
111  54.64924971 -006.22873712
111  54.64901566 -006.22777917
111  54.64860915 -006.22714054
111  54.64755917 -006.22518203
111  54.64709107 -006.22433057
111  54.64641356 -006.22398998
111  54.64551431 -006.22350039
112  54.64286586 -006.22196776  54.64233617 -006.22154202
111  54.64249407 -006.22031467
112  54.64272289 -006.22043576  54.64269825 -006.22090407
111  54.64295209 -006.22162717
112  54.64536941 -006.22318100  54.64562810 -006.22328744
111  54.64551724 -006.22305327
111  54.64544333 -006.22194631
112  54.64559114 -006.22220176  54.64551724 -006.22279782
111  54.64596070 -006.22343386
111  54.64711647 -006.22413619
112  54.64775702 -006.22437037  54.64792948 -006.22437037
112  54.64795412 -006.22460454  54.64802803 -006.22468970
112  54.64824976 -006.22560511  54.64849613 -006.22558382
111  54.64869614 -006.22581785
111  54.64872078 -006.22690363
111  54.64889324 -006.22664815
111  54.64896715 -006.22671202
112  54.64895483 -006.22700713  54.64891787 -006.22745422
112  54.64947220 -006.22715616  54.64978016 -006.22687939
112  54.64994030 -006.22756067  54.65006349 -006.22739035
112  54.65027290 -006.22764583  54.65037144 -006.22773099
112  54.65074100 -006.22824195  54.65096273 -006.22824195
112  54.65099968 -006.22843355  54.65102432 -006.22845484
111  54.65109823 -006.22915741
112  54.65129532 -006.22926386  54.65148010 -006.22934902
111  54.65138155 -006.22973224
112  54.65144314 -006.23015804  54.65157865 -006.23017933
112  54.65171415 -006.23060513  54.65180038 -006.23079673
111  54.65154470 -006.23146355
111  54.65194712 -006.23287156
112  54.65215761 -006.23360700  54.65233007 -006.23420312
113  54.65244093 -006.23379861
111  54.65145641 -006.23042673
112  54.65128953 -006.23039068  54.65126867 -006.23043875
112  54.65140078 -006.23097957  54.65153290 -006.23126800
113  54.65153290 -006.23064306
111  54.65119913 -006.22944843
112  54.65103920 -006.22940035  54.65099053 -006.22942439
112  54.65108092 -006.22998206  54.65120608 -006.23023444
113  54.65125476 -006.22970565
111  54.65066372 -006.22841487
112  54.65069153 -006.22887156  54.65087232 -006.22920806
113  54.65091404 -006.22863119
111  54.65057332 -006.22902779
112  54.65046902 -006.22901577  54.65042035 -006.22908788
112  54.65059418 -006.22954457  54.65077497 -006.22974888
113  54.65068458 -006.22924412
111  54.65010049 -006.22842689
112  54.64982236 -006.22840285  54.64973196 -006.22843891
112  54.64990580 -006.22878743  54.65010049 -006.22899174
113  54.65018393 -006.22861918
112  54.64995447 -006.22781396  54.64980150 -006.22788607
112  54.65011440 -006.22823460  54.65028128 -006.22829469
113  54.65028128 -006.22800625
112  54.64926223 -006.22801839  54.64910925 -006.22804243
112  54.64944997 -006.22845103  54.64965857 -006.22847506
113  54.64957513 -006.22812655
112  54.64936653 -006.22750164  54.64927614 -006.22759778
112  54.64963076 -006.22789822  54.64982545 -006.22793427
113  54.64970030 -006.22759778
112  54.64830605 -006.22615793  54.64835472 -006.22635021
112  54.64856332 -006.22623004  54.64858418 -006.22585749
113  54.64828519 -006.22584547
130 Airport Boundary 3
111  54.65035694 -006.23620705
111  54.64602959 -006.23620705
111  54.64485367 -006.23242784
111  54.64466553 -006.23023358
111  54.64356017 -006.22929891
111  54.64443035 -006.22458501
111  54.64163168 -006.22263442
111  54.64043225 -006.22048065
111  54.64033818 -006.21974918
111  54.64054984 -006.21926153
111  54.64290166 -006.21767668
111  54.64454794 -006.21832712
111  54.64471257 -006.21771753
111  54.64607662 -006.21824584
111  54.64605310 -006.21881480
111  54.64755827 -006.21946503
111  54.64816974 -006.22096869
111  54.64998065 -006.22170153
111  54.65080378 -006.22129508
111  54.65115656 -006.22003508
111  54.65419041 -006.21714927
111  54.65515465 -006.21788194
111  54.65658927 -006.21296333
111  54.65618946 -006.21267878
111  54.65630705 -006.20975267
111  54.65602483 -006.20922419
111  54.65574261 -006.20556547
111  54.65708315 -006.20572808
111  54.65781221 -006.20658178
111  54.66002293 -006.19857327
111  54.66025811 -006.19645934
111  54.66070495 -006.19589021
111  54.66246882 -006.18946714
111  54.66547915 -006.19434542
111  54.66317437 -006.20365471
111  54.66432676 -006.20442704
111  54.66397399 -006.20515872
111  54.66399751 -006.20678467
111  54.66505583 -006.20771959
111  54.66427972 -006.21292260
111  54.66402102 -006.21958899
111  54.66425621 -006.22637733
111  54.66475009 -006.22946663
111  54.66467953 -006.23267789
111  54.65663630 -006.23653876
111  54.65621297 -006.24015618
111  54.65284987 -006.24125360
113  54.64920455 -006.24137355
120 Linear Feature 63
111  54.65090435 -006.22394611 4 103
115  54.65072501 -006.22381014
120 Linear Feature 62
111  54.65834838 -006.21345970 1 105
116  54.65802283 -006.21376444  54.65787320 -006.21429175
120 Linear Feature 55
111  54.65405671 -006.23410800 4 103
115  54.65405909 -006.23373392
120 Linear Feature 61
111  54.65598746 -006.23138575 4 103
115  54.65580630 -006.23115998
120 Linear Feature 60
111  54.64605862 -006.22106207 4 103
115  54.64596576 -006.22070679
120 Linear Feature 59
111  54.64761213 -006.22434200 4 103
115  54.64733684 -006.22476490
120 Linear Feature 58
111  54.64552174 -006.22232627 1 101
116  54.64520500 -006.22147004  54.64495266 -006.22132468
120 Linear Feature 57
111  54.64552791 -006.22233189 1 101
112  54.64587334 -006.22092476  54.64637915 -006.22058364 1 101
115  54.64624962 -006.22065826
120 Linear Feature 56
111  54.65260966 -006.23391374 1 101
112  54.65223153 -006.23406583  54.65208408 -006.23367121 1 101
111  54.65193234 -006.23308751 1 101
111  54.65109639 -006.23014649 1 101
111  54.65083180 -006.22933624 1 101
111  54.65040001 -006.22857931 1 101
111  54.64982634 -006.22813155 1 101
111  54.64920950 -006.22774776 1 101
111  54.64867934 -006.22704308 1 101
111  54.64813651 -006.22600899 1 101
111  54.64749499 -006.22464443 1 101
111  54.64729793 -006.22430902 1 101
111  54.64641584 -006.22383997 1 101
111  54.64583633 -006.22350954 1 101
112  54.64552174 -006.22232627  54.64546005 -006.22126027 1 101
116  54.64610157 -006.22196944  54.64637299 -006.22210803
120 Linear Feature 54
111  54.65936008 -006.21525420 1 101
111  54.65791508 -006.22036721 1 101
111  54.65753576 -006.22180348 1 101
111  54.65742739 -006.22328659 1 101
111  54.65716696 -006.22716131 1 101
112  54.65693873 -006.22872878  54.65673517 -006.22903801 1 101
111  54.65615761 -006.23070188 1 101
111  54.65517717 -006.23305276 1 101
112  54.65437649 -006.23378573  54.65418640 -006.23393167 1 101
112  54.65317716 -006.23370768  54.65283397 -006.23355158 1 101
116  54.65287104 -006.23295114  54.65296076 -006.23260220
120 Linear Feature 53
111  54.65909142 -006.21405259 1 101
116  54.65935257 -006.21526849  54.65914365 -006.21620149
120 Linear Feature 52
111  54.66083104 -006.20937346 1 101
111  54.66052662 -006.21055758 1 101
111  54.65966614 -006.21382829 1 101
112  54.65909300 -006.21405260  54.65861101 -006.21366803 1 105
111  54.65877322 -006.21379622 1 105
111  54.65834838 -006.21345970 1 105
116  54.65826959 -006.21282678  54.65839472 -006.21235409
120 Linear Feature 50
111  54.66105308 -006.20850067 1 101
115  54.66083129 -006.20937002
120 Linear Feature 46
111  54.66311894 -006.20100704 1 101
111  54.66340482 -006.19992018 1 101
112  54.66339562 -006.19781364  54.66295534 -006.19743056 1 101
111  54.66295247 -006.19743056 1 101
111  54.66269060 -006.19718677 1 101
116  54.66240572 -006.19747036  54.66228198 -006.19793305
120 Linear Feature 43
111  54.66238440 -006.19848584 20
115  54.66236022 -006.19849305
120 Linear Feature 42
111  54.66237856 -006.19852620 20
115  54.66236523 -006.19845558
120 Linear Feature 45
112  54.66337918 -006.19934911  54.66337855 -006.19934911 20
115  54.66334661 -006.19938052
120 Linear Feature 44
112  54.66337292 -006.19939892  54.66337229 -006.19939784 20
115  54.66335475 -006.19934370
120 Linear Feature 38
111  54.65637528 -006.23079484 20
115  54.65628029 -006.23093558
120 Linear Feature 37
111  54.65638207 -006.23095904 20
115  54.65627350 -006.23079484
120 Linear Feature 36
111  54.65604905 -006.23026149 20
115  54.65600691 -006.23044025
120 Linear Feature 35
111  54.65607586 -006.23034756 20
115  54.65597627 -006.23030784
120 Linear Feature 34
111  54.65566986 -006.23122811 20
115  54.65565454 -006.23142673
120 Linear Feature 33
111  54.65571199 -006.23132080 20
115  54.65562773 -006.23129432
120 Linear Feature 32
111  54.65531749 -006.23214645 20
115  54.65527919 -006.23227224
120 Linear Feature 31
111  54.65534813 -006.23225238 20
115  54.65524089 -006.23219279
120 Linear Feature 30
111  54.65486327 -006.23277839 20
115  54.65481217 -006.23302641
120 Linear Feature 29
111  54.65490651 -006.23295846 20
115  54.65476499 -006.23288031
120 Linear Feature 28
112  54.65550008 -006.23276140  54.65549222 -006.23276480 20
115  54.65543915 -006.23280897
120 Linear Feature 27
111  54.65547649 -006.23285653 20
115  54.65545684 -006.23272743
120 Linear Feature 25
111  54.65262966 -006.23524869 20
115  54.65252763 -006.23526226
120 Linear Feature 24
111  54.65261658 -006.23540243 20
115  54.65254072 -006.23512208
120 Linear Feature 23
111  54.64328158 -006.21952589 20
115  54.64298518 -006.21969994
120 Linear Feature 22
111  54.64319813 -006.21992372 20
115  54.64307439 -006.21937671
120 Linear Feature 21
111  54.64267728 -006.22049559 20
115  54.64250462 -006.22077406
120 Linear Feature 20
111  54.64267728 -006.22085860 20
115  54.64251038 -006.22038619
120 Linear Feature 19
111  54.64547608 -006.22327674 20
115  54.64534126 -006.22334955
120 Linear Feature 18
111  54.64548030 -006.22343693 20
115  54.64536233 -006.22317481
120 Linear Feature 17
111  54.64594436 -006.22030837 20
115  54.64592220 -006.22015520
120 Linear Feature 16
112  54.64599817 -006.22023178  54.64599500 -006.22023178 20
115  54.64589055 -006.22021537
120 Linear Feature 15
111  54.65502705 -006.21858369 20
115  54.65495811 -006.21877569
120 Linear Feature 14
111  54.65505769 -006.21869624 20
115  54.65491215 -006.21866976
120 Linear Feature 13
111  54.65883873 -006.20977370 20
115  54.65870901 -006.20981788
120 Linear Feature 12
111  54.65879745 -006.20993680 20
115  54.65874635 -006.20967517
120 Linear Feature 7
111  54.66347495 -006.20013436 4
115  54.66325977 -006.19995444
120 Linear Feature 6
111  54.66146018 -006.20753563 5
115  54.66126090 -006.20739141
120 Linear Feature 40
111  54.65415896 -006.23472499 20
115  54.65421989 -006.23447359
120 Linear Feature 39
112  54.65425723 -006.23464006  54.65425526 -006.23464006 20
115  54.65411768 -006.23460609
120 Linear Feature 5
111  54.65913094 -006.21384695 4 103
115  54.65901295 -006.21428323
120 Linear Feature 4
111  54.66314280 -006.19780789 4 103
115  54.66325359 -006.19739196
120 Linear Feature 49
111  54.66143685 -006.20922051 5
115  54.66138684 -006.20941794
120 Linear Feature 48
111  54.66115120 -006.20911136 1
116  54.66083129 -006.20937002  54.66070425 -006.20981219
120 Linear Feature 47
111  54.66311845 -006.20101650 1 101
111  54.66209660 -006.20475810 1 101
111  54.66136012 -006.20746089 1
111  54.66105308 -006.20850067 1
112  54.66115120 -006.20911136  54.66135510 -006.20927580 1
115  54.66141269 -006.20932175
120 Linear Feature 11
111  54.66015210 -006.21143795 20
115  54.66012159 -006.21106662
120 Linear Feature 10
111  54.66022777 -006.21121009 20
115  54.66003250 -006.21123752
120 Linear Feature 9
111  54.65945279 -006.21018591 20
115  54.65919138 -006.21028105
120 Linear Feature 8
111  54.65939972 -006.21050191 20
115  54.65927197 -006.20997524
120 Linear Feature 64
111  54.65187700 -006.23259293 4 103
115  54.65171583 -006.23274241
21  54.65337969 -006.23271187 2 65.0100 3.0 07  PAPI-4L
21  54.65568086 -006.22663309 2 161.9800 3.0 17  PAPI-4L
21  54.66047260 -006.20214207 2 245.0500 3.0 25  PAPI-4L
21  54.64607006 -006.22261948 2 341.9900 3.0 35  PAPI-4L
20  54.65191773 -006.23235786 293.1993 0 2 {@R}07
20  54.65409864 -006.23368399 198.4347 0 2 {@R}07
20  54.65579809 -006.23102393 55.1752 0 2 {@R}17
20  54.65695862 -006.22675018 262.8746 0 2 {@R}17
20  54.65065432 -006.22370778 65.5698 0 2 {@L}F{@Y}{^lu}E
20  54.65105204 -006.22290082 341.5653 0 2 {@L}E
20  54.65113813 -006.22358586 218.2897 0 2 {@L}E
20  54.66312316 -006.19789524 154.3596 0 2 {@R}25
20  54.66324236 -006.19993710 66.4251 0 2 {@L}A2{@Y}25{^r}
20  54.66116122 -006.20702159 66.0349 0 2 {@L}A2
20  54.65913600 -006.21355983 152.9052 0 2 {@R}07-25{@L}B
20  54.64608115 -006.22121991 203.1978 0 2 {@R}35
20  54.64728400 -006.22485817 127.1486 0 2 {@R}35
14  54.65355324 -006.22291576  19.69 0 ATC Tower
18  54.65358000 -006.22258700 1 BCN
19  54.64493600 -006.22407100 1 WS
19  54.65958518 -006.20252945 1 WS
19  54.65490700 -006.23012800 1 WS
19  54.65435538 -006.22224762 1 WS
19  54.64230300 -006.22132100 1 WS
50 12819 ATIS
50 12820 ATIS
53 12175 GND
54 11830 TWR
54 12880 unnamed entity
55 12090 DIRECTOR
55 12850 APP
99
