I
1000 Generated by WorldEditor

1    163 1 0 LTBA Istanbul Ataturk
100 45.11 2 0 0.20 1 2 1 17R  40.99788245  028.80585530    0    0 3 6 0 1 35L  40.96847728  028.80696541    0    4 3 6 0 1
100 45.11 2 0 0.20 1 2 1 17L  40.99755014  028.80859453    0   43 3 2 0 1 35R  40.96911510  028.80948085    0   80 3 2 0 1
100 60.05 2 0 0.20 0 2 1 05  40.96550418  028.80981834  122   93 3 1 0 1 23  40.97876208  028.83843990    0  131 3 1 0 1
110 2 0.00 120.0000 New Taxiway 50
112  40.97482823  028.80702048  40.97591377  028.80712214 3 102
111  40.97537251  028.80777962 3 102
112  40.97458701  028.80859552  40.97425807  028.80898763 3 102
111  40.97360715  028.80908181
112  40.97587008  028.80900642  40.97457621  028.80900642 3 102
111  40.97504461  028.80871429 3 102
112  40.97573435  028.80815338  40.97632646  028.80767679 3 102
113  40.97798823  028.80690080
110 2 0.00 120.0000 New Taxiway 43
111  40.97388470  028.81270527 3
111  40.97099968  028.81248365 3 102
112  40.97009749  028.81171053  40.96972902  028.81120249 3 102
112  40.97080625  028.80969216  40.97217282  028.80939346
111  40.96943969  028.80974257 3 102
111  40.96847884  028.81113068 3 102
112  40.96813388  028.81104283  40.96785331  028.81068756
111  40.96861673  028.81205308 3 102
112  40.96884322  028.81143324  40.96918818  028.81107379 3 102
112  40.96942084  028.81155239  40.96963312  028.81178081 3 102
112  40.96965788  028.81265282  40.96892816  028.81274620
111  40.96924413  028.81319663 3 102
113  40.97390968  028.81343599
110 2 0.00 120.0000 New Taxiway 35
111  40.98758149  028.81207019 3 102
111  40.97856338  028.81255916
111  40.97820821  028.81259141 3 102
111  40.97499879  028.81268067
111  40.97388470  028.81270527
111  40.97390968  028.81343599 3 102
111  40.97928335  028.81324032 3 102
113  40.98753618  028.81264641
110 2 0.00 120.0000 New Taxiway 27
111  40.97499879  028.81268067 3 102
112  40.97500810  028.81162910  40.97610363  028.81097328 3 102
111  40.97888481  028.80940824
111  40.97609125  028.80950954 3 102
112  40.97608226  028.81040768  40.97507799  028.81094535 3 102
111  40.97484294  028.81108684 3 102
112  40.97450106  028.81071896  40.97454380  028.81009639 3 102
112  40.97518482  028.80955872  40.97566769  028.80944115
111  40.97286474  028.80960925 3 102
112  40.97415702  028.81107239  40.97416451  028.81228253 3 102
111  40.97415800  028.81227186 3 102
114  40.97388470  028.81270527  40.97359603  028.81274207
110 2 0.00 120.0000 New Taxiway 24
112  40.98016897  028.80940614  40.98101661  028.80947631 3 102
111  40.98021097  028.81002043 3 102
112  40.97880011  028.81100358  40.97825272  028.81152855 3 102
111  40.97822411  028.81210586 3 102
111  40.97820821  028.81259141
112  40.97856338  028.81255916  40.97852460  028.81155336 3 102
111  40.97959339  028.81091976 3 102
113  40.98244973  028.80933133
110 2 0.00 120.0000 New Taxiway 18
111  40.99257718  028.80848565 3 102
111  40.99067585  028.80729303 3 102
112  40.99092872  028.80639062  40.99290910  028.80627336
111  40.98839269  028.80648513 3 102
112  40.98970153  028.80712353  40.99040149  028.80762764 3 102
111  40.99100234  028.80799996 3 102
114  40.99086821  028.80853755  40.99022618  028.80862825
110 2 0.00 120.0000 New Taxiway 17
112  40.98367472  028.80668146  40.98402829  028.80669673
111  40.98402444  028.80713352
112  40.98403213  028.80838589  40.98402445  028.80874225
111  40.98387072  028.80875753
112  40.98462013  028.80873694  40.98437801  028.80874203
111  40.98437033  028.80836043
112  40.98433958  028.80736770  40.98431652  028.80670079
113  40.98455864  028.80664789
110 2 0.00 120.0000 New Taxiway 11
111  40.98791505  028.81047461 3 102
112  40.98754993  028.81053552  40.98719400  028.81033813 3 102
111  40.98607349  028.80984588 3 102
111  40.98571979  028.80964337 3 102
112  40.98605170  028.80923608  40.98714525  028.80913426
111  40.98580105  028.80907908
111  40.98371755  028.80927256 3 102
112  40.98512971  028.80994918  40.98559673  028.81018116 3 102
111  40.98747940  028.81093511 3 102
114  40.98791678  028.81185410  40.98799075  028.81269404
110 2 0.00 120.0000 New Taxiway 7
111  40.98791049  028.81008149
112  40.98791678  028.81185410  40.98790772  028.81210620 3 102
111  40.98776273  028.81207019 3 102
111  40.98758149  028.81207019
111  40.98753618  028.81264641 3 102
111  40.98787587  028.81264591 3 102
111  40.98852033  028.81264127 3 102
111  40.99112285  028.81249226
111  40.99107172  028.81220969 3 102
112  40.98861881  028.81219155  40.98824744  028.81220646 3 102
111  40.98824882  028.81169899 3 102
113  40.98827925  028.81047300
110 2 0.00 120.0000 B4
111  40.99145198  028.81039884 3 102
112  40.99124119  028.81053202  40.99106379  028.81043438 3 102
111  40.98917010  028.80952926 3 102
112  40.98933766  028.80910781  40.98981794  028.80907180
111  40.98722547  028.80916212 3 102
112  40.98791049  028.81008149  40.98791049  028.81069373
111  40.98827925  028.81047300 3 102
112  40.98886199  028.80991342  40.98945294  028.81017133 3 102
111  40.99111842  028.81095784 3 102
114  40.99144739  028.81128861  40.99147083  028.81148555
110 2 0.00 120.0000 K1K2
111  40.99738531  028.80361979 3
111  40.99736709  028.80319362
111  40.99708515  028.80316693 3
112  40.99672531  028.80339312  40.99637794  028.80340068 3
111  40.97994482  028.80406351 3
112  40.97821717  028.80541907  40.97770242  028.80585846 3
111  40.97695005  028.80641960
111  40.97763126  028.80641553 3
111  40.97987240  028.80454355 3
111  40.99688799  028.80367416 3
113  40.99710966  028.80365870
110 2 0.00 120.0000 K
111  40.99738583  028.80560478 3
111  40.99738531  028.80361979
111  40.99711021  028.80366121 3
113  40.99711985  028.80562963
110 2 0.00 120.0000 GAApronV
111  40.99960914  028.80264473 3 106
111  40.99954438  028.79987100 3 106
112  40.99855150  028.79915612  40.99736435  028.79915612 3 106
111  40.99252944  028.79929910 3 106
111  40.99268053  028.80298787 3 106
112  40.99678158  028.80290208  40.99678158  028.80293068 3 106
112  40.99708515  028.80316693  40.99707508  028.80350045
111  40.99736709  028.80319362 3 106
113  40.99737716  028.80276672 3 106
110 2 0.00 120.0000 New Taxiway 21
111  40.99650444  028.80617020 3 102
112  40.99699098  028.80654890  40.99697816  028.80687706 3 102
111  40.99699878  028.80791910 3 102
112  40.99676508  028.80835272  40.99647896  028.80836970
111  40.99754531  028.80832781 3 102
113  40.99749459  028.80612155
110 2 0.00 120.0000 B4
111  40.99145198  028.81039884
111  40.99144739  028.81063235
111  40.99144739  028.81128861 3 102
112  40.99143458  028.81187040  40.99143031  028.81230603 3 102
111  40.99107172  028.81220969
112  40.99112285  028.81249226  40.99154320  028.81248094 3 102
111  40.99151999  028.81267330 3 102
111  40.99150442  028.81328606 103
111  40.99184610  028.81325123 3 102
112  40.99183764  028.81293106  40.99182910  028.81260858 3 102
111  40.99215180  028.81250656
112  40.99216004  028.81212119  40.99186539  028.81212119 3 102
111  40.99186083  028.81172582 3 102
113  40.99185541  028.81040131
110 2 0.00 120.0000 Charlie1
111  40.99495837  028.81194569 5
111  40.99397319  028.81203007
111  40.99263521  028.81213775 3 102
111  40.99216004  028.81212119 103
111  40.99215180  028.81250656 3 102
113  40.99496559  028.81238406 103
110 2 0.00 120.0000 B3A2B
111  40.99400652  028.81089769 3 102
112  40.99276310  028.80974391  40.99154334  028.80904661 3 102
112  40.99319450  028.80899013  40.99377619  028.80889780
111  40.99090450  028.80905623 3 102
112  40.99142360  028.80959550  40.99142985  028.81003450 3 102
111  40.99145198  028.81039884 4 104
111  40.99185541  028.81040131 3 102
112  40.99230841  028.81009935  40.99273811  028.81036817 3 102
111  40.99343199  028.81084575 3 102
112  40.99335444  028.81137683  40.99310627  028.81180913 3 102
112  40.99303978  028.81189728  40.99293975  028.81201324 3 102
112  40.99263521  028.81213775  40.99247266  028.81216260
113  40.99397319  028.81203007
110 2 0.00 120.0000 B2
111  40.99496379  028.81195078 3 102
112  40.99510134  028.81144963  40.99553462  028.81113984 3 102
111  40.99645175  028.81018926 3 102
111  40.99693814  028.80971183 3 102
112  40.99719182  028.81000045  40.99720578  028.81062528
111  40.99718798  028.80886751
111  40.99652779  028.80888485 3 102
112  40.99676645  028.80938779  40.99664999  028.80953695 3 102
111  40.99519927  028.81088933 3 102
112  40.99429366  028.81144979  40.99428359  028.81144979 3 102
112  40.99400652  028.81089769  40.99391712  028.81025181
111  40.99396137  028.81193005
113  40.99397319  028.81203007
110 2 0.00 120.0000 B1
111  40.99718798  028.80886751
111  40.99719182  028.81000045 3 102
112  40.99706802  028.81037171  40.99692359  028.81051750 3 102
111  40.99569941  028.81161093 3 102
112  40.99495837  028.81194569  40.99459285  028.81193102
111  40.99496559  028.81238406 3 102
111  40.99554408  028.81235255 3 102
112  40.99624894  028.81192808  40.99649609  028.81168553 3 102
111  40.99726110  028.81095439 3 102
112  40.99751217  028.80997552  40.99753048  028.80911446 3 102
113  40.99755169  028.80885785
110 2 0.00 120.0000 New Taxiway 1
111  40.97768373  028.83673022 3 102
112  40.97694821  028.83759401  40.97622111  028.83701447 3 102
111  40.97543537  028.83443668 3 102
112  40.97604752  028.83324707  40.97684913  028.83390043
111  40.97466299  028.83019719 3 102
111  40.97482353  028.83396441 3 103
112  40.97515710  028.83544178  40.97544781  028.83637949 3 102
112  40.97657988  028.83811343  40.97717338  028.83851157
111  40.97657988  028.83811343
112  40.97657988  028.83811343  40.97776688  028.83890971 3 102
114  40.97852768  028.83861729  40.97876208  028.83843990
110 2 0.00 120.0000 Main Apron
111  40.97858618  028.83406838
112  40.97896580  028.83387507  40.97958448  028.83437169
112  40.97935518  028.83167226  40.97895331  028.83046268
111  40.97670796  028.81913627
112  40.97631895  028.81565901  40.97695109  028.81610976
111  40.97719423  028.81894309
111  40.97943818  028.81860932
111  40.97987435  028.81861915
111  40.98050502  028.82029175
111  40.98373428  028.81838877
111  40.98384771  028.81685638
111  40.98715967  028.81673619
111  40.98722957  028.81784736
111  40.98825038  028.81784736
111  40.98829575  028.81673548
111  40.98992905  028.81673548
111  40.98997442  028.81790747
111  40.99081375  028.81784736
111  40.99083644  028.81685569
111  40.99208410  028.81688574
111  40.99201604  028.81559355
111  40.99076838  028.81547335
112  40.99081375  028.81469203  40.99215215  028.81454177
111  40.99259133  028.81450530
111  40.99249645  028.81366744
111  40.99179626  028.81365280
111  40.99184610  028.81325123
111  40.99150442  028.81328606
111  40.99151736  028.81360815
112  40.99112285  028.81249226  40.99112285  028.81239295
111  40.98875810  028.81264224
111  40.98877468  028.81411771
111  40.98852940  028.81396292
111  40.98852033  028.81264127
111  40.98753618  028.81264641
111  40.97549083  028.81342862
111  40.97556569  028.81405649
111  40.97431803  028.81425477
111  40.97415429  028.81424298
111  40.97390968  028.81343599
111  40.96924413  028.81319663
111  40.97042557  028.81632914
112  40.97409345  028.81541137  40.97611465  028.81640274
112  40.97120649  028.81778371  40.96965940  028.81751934
111  40.97676344  028.82996248
112  40.97766175  028.82983029  40.97801110  028.83105299
114  40.97785401  028.83238131  40.97750466  028.83191867
110 2 0.00 120.0000 New Taxiway 60
111  40.96847439  028.80722668 3 102
112  40.96714246  028.80851042  40.96660775  028.80913287
111  40.96687535  028.80962421 3 102
111  40.96724327  028.81062240
111  40.96769746  028.81161606 3 102
111  40.96833045  028.81312716
111  40.96891541  028.81444569 3 102
111  40.96968465  028.81611516
111  40.97026157  028.81741679 3 102
111  40.97225621  028.82147252 3 102
111  40.97533408  028.82800457 3
111  40.97597073  028.82935966 3 102
111  40.97694551  028.83146752 3
111  40.97755253  028.83268477 3 102
111  40.97793577  028.83354889 3 102
111  40.97854260  028.83483805 3
112  40.97900917  028.83590214  40.97946027  028.83681591 3 102
111  40.97850188  028.83720667
111  40.97898857  028.83826085 3 102
112  40.97958908  028.83774239  40.98015850  028.83722591 3 102
111  40.97973143  028.83641430 3 102
111  40.97785401  028.83238131 3 102
111  40.97675358  028.82994761 3 102
112  40.97047263  028.81626682  40.97020969  028.81568835 3 102
111  40.96924413  028.81317815
112  40.96942072  028.81264666  40.96871386  028.81263828 3 102
111  40.96861673  028.81205308
111  40.96813388  028.81104283 3 102
112  40.96765393  028.81016054  40.96718856  028.80925328 3 102
111  40.96744424  028.80877200 3 102
113  40.96904733  028.80721537
110 2 0.00 120.0000 New Taxiway 55
111  40.96904733  028.80721537 3 102
111  40.96910103  028.80922078
112  40.96966579  028.80919716  40.96944916  028.80915618 3 102
111  40.96940289  028.80893164 3 102
112  40.96937813  028.80811194  40.96935956  028.80742340 3 102
113  40.96966285  028.80719549
110 2 0.00 120.0000 New Taxiway 15
111  40.97016064  028.82430645 3 102
111  40.96655647  028.81668817 3 102
112  40.96495207  028.81254956  40.96458555  028.81146834 3 102
111  40.96585494  028.81124584
112  40.96527974  028.81001212  40.96389234  028.81129263 3 102
111  40.96437649  028.81287645 3 102
112  40.96872717  028.82352288  40.96913753  028.82468382 3 102
113  40.96845331  028.82599083
110 2 0.00 120.0000 New Taxiway 10
111  40.97482353  028.83396441 3 102
111  40.97353574  028.83124283 3 102
112  40.97399826  028.82898633  40.97453920  028.82923336
111  40.97323300  028.82718148 3 102
111  40.97299481  028.82956302 3 102
112  40.97241657  028.82879723  40.97178237  028.82738915 3 102
111  40.97016064  028.82430645
111  40.96735170  028.82707535 3 102
111  40.97215911  028.83658012 3 102
111  40.97441612  028.83514541 3 102
114  40.97515710  028.83544178  40.97542794  028.83594990
110 2 0.00 120.0000 New Taxiway 26
112  40.97854260  028.83483805  40.97865391  028.83558576 3 102
111  40.97727401  028.83456851
112  40.97783218  028.83576138  40.97753800  028.83510844 3 102
113  40.97901170  028.83591223
110 2 0.00 120.0000 New Taxiway 23
112  40.97694551  028.83146752  40.97707355  028.83189922 3 102
111  40.97585676  028.83149401
112  40.97648873  028.83283059  40.97620935  028.83219847 3 102
113  40.97755253  028.83268477
110 2 0.00 120.0000 New Taxiway 21
112  40.97533408  028.82800457  40.97563067  028.82873630 3 102
111  40.97404454  028.82763828
112  40.97484758  028.82932296  40.97455340  028.82864901 3 102
113  40.97597073  028.82935966
110 2 0.00 120.0000 New Taxiway 16
111  40.96968465  028.81611516 3 102
112  40.96941758  028.81758676  40.96905618  028.81749103
111  40.96990451  028.81865187 3 102
114  40.97026157  028.81741679  40.97042782  028.81774225
110 2 0.00 120.0000 New Taxiway 12
111  40.96833045  028.81312716 3 102
112  40.96835437  028.81528763  40.96805569  028.81520852
111  40.96876070  028.81616149 3 102
114  40.96891541  028.81444569  40.96912720  028.81471898
110 2 0.00 120.0000 New Taxiway 5
112  40.96724327  028.81062240  40.96702902  028.81107812 3 102
111  40.96644860  028.81124659
112  40.96675869  028.81185729  40.96702902  028.81107812 3 102
113  40.96769746  028.81161606
110 2 0.00 120.0000 New Taxiway 1
111  40.96714568  028.80850809 3 102
111  40.96573042  028.80963474
111  40.96630969  028.81087802 3 102
114  40.96687535  028.80962421  40.96740805  028.80924515
120 Linear Feature 2
111  40.96482482  028.81129791 1
116  40.96607884  028.81105618  40.96635436  028.81160956
120 Linear Feature 66
111  40.96714246  028.80851042 6 103
115  40.96741728  028.80882747
120 Linear Feature 64
111  40.96820278  028.80748142 4 104
115  40.96842638  028.80782382
120 Linear Feature 62
111  40.96921862  028.80694017 1 101
112  40.96840162  028.80755495  40.96769602  028.80830907 1 101
111  40.96731846  028.80858777 1 101
112  40.96726629  028.80992498  40.96768126  028.81088645 1 101
111  40.96825926  028.81228647 1 101
111  40.96930827  028.81443431 1 101
111  40.97256094  028.82154959 1 101
111  40.97552019  028.82783754 1 101
111  40.97641780  028.82973272 1 101
111  40.97730382  028.83164186 1 101
111  40.97783076  028.83280767 1 101
111  40.97860908  028.83449896 1 101
111  40.97914845  028.83562617 1 101
111  40.97935965  028.83612333 1 101
112  40.97926978  028.83742281  40.97879047  028.83788904 1 101
111  40.97882043  028.83786920 1
116  40.97831865  028.83747241  40.97800410  028.83681771
120 Linear Feature 54
111  40.97504461  028.80871429 4 104
115  40.97478186  028.80838540
120 Linear Feature 53
111  40.97469059  028.80883788 1
116  40.97514961  028.80929061  40.97583832  028.80929061
120 Linear Feature 52
111  40.97537251  028.80777580 4 104
115  40.97573435  028.80815338
120 Linear Feature 51
111  40.97370323  028.80932593 1
112  40.97469059  028.80883788  40.97515567  028.80832477 1 105
111  40.97554896  028.80796306 1
116  40.97590065  028.80669390  40.97489477  028.80668190
120 Linear Feature 49
111  40.96989788  028.81030075 4 104
115  40.96935793  028.80986863
120 Linear Feature 48
111  40.96967652  028.80999220 1 101
115  40.96870401  028.81122311
120 Linear Feature 47
111  40.97180264  028.81290000 1 101
115  40.96966623  028.81289934
120 Linear Feature 46
111  40.97041213  028.81256144 1 101
116  40.96966623  028.81289934  40.96867766  028.81289934
120 Linear Feature 1
111  40.97469059  028.80883788 1 101
116  40.97431128  028.81075178  40.97438200  028.81154790
120 Linear Feature 45
111  40.97480076  028.81306609 1 101
115  40.97388867  028.81309776
120 Linear Feature 44
111  40.97066064  028.80944300 1
112  40.96967652  028.80999220  40.96939799  028.81052501 1 101
112  40.96968889  028.81147587  40.96998469  028.81194696 1 101
111  40.97041213  028.81256144 1 101
112  40.97180264  028.81290000  40.97302134  028.81295410 1 101
111  40.97388867  028.81309776 1 101
116  40.97436237  028.81263966  40.97438484  028.81215364
120 Linear Feature 58
111  40.96938214  028.80784001 4 104
115  40.96906029  028.80785641
120 HS35R
111  40.96939600  028.80868253 4 104
115  40.96908638  028.80871909
120 Linear Feature 41
111  40.97808056  028.81293084 1 101
111  40.97480076  028.81306609 1 101
116  40.97436237  028.81263966  40.97434876  028.81216174
120 Linear Feature 40
111  40.97878864  028.81288815 1 101
115  40.97808056  028.81293084
120 Linear Feature 39
111  40.97836611  028.81236272 1 101
116  40.97808056  028.81293084  40.97771971  028.81294888
120 Linear Feature 37
111  40.98755849  028.81242045 1 101
111  40.97878864  028.81288815 1 101
116  40.97836611  028.81236272  40.97836611  028.81178240
120 Linear Feature 36
111  40.98846744  028.81242388 1 101
111  40.98755849  028.81242045 1 101
116  40.98807048  028.81174008  40.98806664  028.81101204
120 Linear Feature 34
111  40.97624715  028.81030392 4 104
115  40.97640469  028.81082560
120 Linear Feature 33
111  40.97450477  028.81072047 4 104
115  40.97413489  028.81083110
120 Linear Feature 32
111  40.97431128  028.81075178 1
116  40.97514961  028.80929061  40.97607228  028.80926879
120 Linear Feature 31
111  40.97660396  028.81038212 1
116  40.97847382  028.80922028  40.97908188  028.80916747
120 Linear Feature 30
111  40.97438231  028.81217760 1 101
112  40.97431128  028.81075178  40.97425148  028.81044813 1
116  40.97370323  028.80932593  40.97310514  028.80935234
120 Linear Feature 29
111  40.97436237  028.81263966 1 101
111  40.97438231  028.81217760 1 101
112  40.97489068  028.81142509  40.97549874  028.81106863 1 105
111  40.97660396  028.81038212 1
116  40.97702262  028.80925992  40.97626504  028.80928632
120 Linear Feature 28
111  40.98139643  028.80944140 1
116  40.98218061  028.80908177  40.98252472  028.80906329
120 Linear Feature 26
111  40.98021097  028.81002043 4 104
115  40.98039421  028.81047673
120 Linear Feature 25
111  40.98028000  028.80912453 1
112  40.98139643  028.80944140  40.98074850  028.80986391 1 105
111  40.97964204  028.81070892 1 101
116  40.97836611  028.81236272  40.97837608  028.81339257
120 Linear Feature 22
111  40.99115379  028.80759762 4 104
115  40.99100234  028.80799996
120 Linear Feature 21
111  40.99029109  028.80707848 4 104
111  40.99022967  028.80724913 4 104
115  40.99016384  028.80744834
120 Linear Feature 20
111  40.99179345  028.80912591 1 105
112  40.99132689  028.80798710  40.99066293  028.80751003 1 105
111  40.99022967  028.80724913 1 105
115  40.98988081  028.80701060
120 Linear Feature 16
111  40.98738641  028.81069426 1 105
115  40.98566580  028.80991871
120 Linear Feature 15
111  40.98738670  028.81069993 1 101
116  40.98807048  028.81174008  40.98807311  028.81241817
120 Linear Feature 14
111  40.98807673  028.81014272 1 101
116  40.98738670  028.81069993  40.98668919  028.81024863
120 Linear Feature 12
111  40.98791049  028.81008149 3 102
115  40.98791505  028.81047461
120 Linear Feature 13
111  40.98571979  028.80964337 4 104
115  40.98559002  028.81015215
120 Linear Feature 10
111  40.98827059  028.81046931 4 104
115  40.98791505  028.81047461
120 Linear Feature 9
111  40.99222995  028.81229502 1 101
115  40.99112541  028.81236176
120 Linear Feature 8
111  40.98807673  028.81014272 1 101
111  40.98807048  028.81174008 1 101
112  40.98846744  028.81242388  40.98891133  028.81241828 1 101
111  40.99112541  028.81236176 1 101
116  40.99163666  028.81185338  40.99164511  028.81126532
120 Linear Feature 6
111  40.98863726  028.80955812 1 101
116  40.98807673  028.81014272  40.98808941  028.81104437
120 Linear Feature 5
111  40.98917010  028.80952926 4 104
115  40.98906596  028.80999712
120 Linear Feature 4
111  40.99115229  028.81071407 1 101
116  40.99163666  028.81185338  40.99160802  028.81289032
120 Linear Feature 2
111  40.99164257  028.81062288 1 101
112  40.99115229  028.81071407  40.99067265  028.81047696 1 101
111  40.99067265  028.81047696 1 101
111  40.98915368  028.80979223 1 101
116  40.98863726  028.80955812  40.98857734  028.80950851
120 Linear Feature 32
111  40.99737996  028.80494620 4
115  40.99710821  028.80496678
120 Linear Feature 31
111  40.97808239  028.80604051 4
115  40.97790154  028.80566408
120 Linear Feature 27
111  40.99723664  028.80653851 1
116  40.99670487  028.80590862  40.99618389  028.80594257
120 Linear Feature 26
111  40.99699878  028.80791910 4 104
115  40.99753447  028.80790544
120 Linear Feature 25
111  40.99725325  028.80735925 1
111  40.99724815  028.80819180 1
116  40.99689215  028.80860035  40.99651099  028.80861906
120 HS17RA1
111  40.99699098  028.80654890 4 104
115  40.99750538  028.80652538
120 Linear Feature 23
111  40.99725325  028.80735925 1 105
115  40.99723664  028.80653851
120 Linear Feature 22
111  40.99725325  028.80735925 1 101
115  40.99738159  028.80865445
120 Linear Feature 20
111  40.99179345  028.80912591 1 101
111  40.99170028  028.80979967 1 101
116  40.99164257  028.81062288  40.99166198  028.81085432
120 Linear Feature 15
111  40.99290519  028.81228673 1 101
115  40.99421845  028.81216681
120 Linear Feature 18
111  40.99207661  028.80969188 1 101
116  40.99179345  028.80912591  40.99178180  028.80870931
120 Linear Feature 17
111  40.99685574  028.80955224 1 101
115  40.99523017  028.81111256
120 Linear Feature 16
111  40.99382626  028.81148154 1 101
112  40.99422558  028.81180373  40.99458807  028.81164365 1 101
116  40.99523017  028.81111256  40.99528052  028.81109922
120 Linear Feature 14
111  40.99490051  028.81221199 1 101
111  40.99421845  028.81216681 1 101
112  40.99382626  028.81148154  40.99384331  028.81070592 1 101
112  40.99343976  028.81051766  40.99333745  028.81041224 1 101
111  40.99308736  028.81027669 1 101
111  40.99207661  028.80969188 1 101
112  40.99164257  028.81062288  40.99165290  028.81185507 1 101
111  40.99163666  028.81185338 1 101
112  40.99222995  028.81229502  40.99277389  028.81227017 1 101
111  40.99290519  028.81228673 1 101
116  40.99382626  028.81148154  40.99380750  028.81069465
120 Linear Feature 13
111  40.99490501  028.81222612 1 101
116  40.99523017  028.81111256  40.99663409  028.81019386
120 HoldShortB3
111  40.99318112  028.80998930 4 104
115  40.99294819  028.81052420
120 Linear Feature 8
111  40.99685574  028.80955224 1 101
116  40.99738159  028.80865445  40.99741336  028.80827570
120 Linear Feature 7
111  40.99737561  028.80969322 1
112  40.99706089  028.81073257  40.99670388  028.81109977 1 101
111  40.99582077  028.81184661 1 101
112  40.99516345  028.81221106  40.99483463  028.81223596 1 101
115  40.99490509  028.81222351
120 Linear Feature 6
111  40.99685574  028.80955224 1 101
116  40.99737561  028.80969322  40.99735212  028.81055831
120 Linear Feature 5
111  40.99685574  028.80955224 1
116  40.99689215  028.80860035  40.99603381  028.80861733
120 Linear Feature 4
111  40.99676645  028.80938779 4 104
115  40.99693814  028.80971183
120 HS_17L
111  40.99751217  028.80997552 4 104
115  40.99719182  028.81000045
120 Linear Feature 61
111  40.96966623  028.81289934 1 101
116  40.96870401  028.81122311  40.97015392  028.80949495
120 Linear Feature 63
111  40.96870401  028.81122311 1 101
116  40.96726629  028.80992498  40.96632843  028.80787446
120 Linear Feature 56
111  40.96967652  028.80999220 1 101
112  40.96945749  028.80930294  40.96922188  028.80899091 1 101
112  40.96923094  028.80837887  40.96920375  028.80783883 1 101
111  40.96923094  028.80743080 1 101
116  40.97003936  028.80689438  40.97082775  028.80684638
120 Linear Feature 17
111  40.96995366  028.82387612 5 103
115  40.96881863  028.82481174
120 Linear Feature 18
111  40.96466733  028.81078875 4 104
115  40.96505305  028.81170646
120 Linear Feature 16
111  40.96592981  028.81006738 1 101
112  40.96482482  028.81129791  40.96472739  028.81144306 1 101
112  40.96495712  028.81357685  40.96551229  028.81492051 1 101
111  40.96558887  028.81516135 1 101
111  40.96856572  028.82199804 1 101
115  40.96943247  028.82432092
120 Linear Feature 14
111  40.97307874  028.82869732 4 104
115  40.97362137  028.82951991
120 Linear Feature 13
111  40.97363361  028.82810149 1 105
116  40.97315980  028.83044422  40.97308610  028.83090440
120 Linear Feature 12
111  40.97485079  028.83453015 1 101
116  40.97540453  028.83537786  40.97548364  028.83573981
120 Linear Feature 11
111  40.97516702  028.83390007 1 101
116  40.97485079  028.83453015  40.97442649  028.83422536
120 Linear Feature 3
111  40.96845331  028.82599083 3 102
115  40.96735170  028.82707535
120 Linear Feature 9
111  40.97482353  028.83396441 4
115  40.97541255  028.83408677
120 Linear Feature 8
111  40.97882043  028.83786920 1 101
112  40.97652359  028.83771802  40.97543833  028.83650525 1 101
112  40.97516702  028.83390007  40.97509919  028.83322631 1 101
116  40.97543833  028.83185634  40.97555703  028.83176650
120 Linear Feature 27
111  40.97799606  028.83500506 4
115  40.97818456  028.83555196
120 Linear Feature 25
111  40.97905145  028.83670207 4
115  40.97958908  028.83774239
120 Linear Feature 24
111  40.97648289  028.83180884 4
115  40.97677202  028.83251380
120 Linear Feature 7
111  40.97817759  028.83534994 1 101
116  40.97914845  028.83562617  40.97931385  028.83597860
120 Linear Feature 6
111  40.97860908  028.83449896 1 101
116  40.97817759  028.83534994  40.97740054  028.83539730
120 Linear Feature 5
111  40.97671313  028.83224012 1 101
116  40.97783076  028.83280767  40.97800759  028.83321103
120 Linear Feature 4
111  40.97730382  028.83164186 1 101
116  40.97671313  028.83224012  40.97589081  028.83210206
120 Linear Feature 3
111  40.97517273  028.82863522 1 101
116  40.97552019  028.82783754  40.97521906  028.82719326
120 Linear Feature 2
111  40.97641780  028.82973272 1 101
116  40.97517273  028.82863522  40.97435041  028.82854318
120 Linear Feature 22
111  40.97486821  028.82812685 4
115  40.97520033  028.82906010
120 Linear Feature 20
111  40.96964134  028.81728232 4 104
115  40.97003774  028.81783857
120 Linear Feature 19
111  40.96993150  028.81708699 1 105
115  40.96967346  028.81809444
120 Linear Feature 18
111  40.96993150  028.81708699 1 101
116  40.97077894  028.81765688  40.97139089  028.81899909
120 Linear Feature 17
111  40.96930827  028.81443431 1 101
116  40.96993150  028.81708699  40.96968837  028.81797463
120 Linear Feature 15
111  40.96862868  028.81430532 1 101
116  40.96930827  028.81443431  40.96976227  028.81552882
120 Linear Feature 14
111  40.96825926  028.81228647 1 101
112  40.96862868  028.81430532  40.96857564  028.81542382 1 105
115  40.96857564  028.81545038
120 Linear Feature 13
111  40.96848468  028.81483633 4
115  40.96876566  028.81510779
120 Linear Feature 11
111  40.96714749  028.81077834 6 103
115  40.96747063  028.81148564
120 Linear Feature 10
111  40.96691576  028.81133545 1
116  40.96663555  028.81226895  40.96691450  028.81288601
120 Linear Feature 9
111  40.96607884  028.81105618 1
116  40.96691576  028.81133545  40.96740009  028.81097415
120 Linear Feature 8
111  40.96713678  028.81116932 1 101
116  40.96825926  028.81228647  40.96884467  028.81395566
120 Linear Feature 7
111  40.96726629  028.80992498 1 101
112  40.96713678  028.81116932  40.96662305  028.81155696 1 101
115  40.96691576  028.81133545
120 Linear Feature 6
111  40.96685864  028.81104979 4 104
115  40.96705577  028.81146748
120 Linear Feature 4
111  40.96726629  028.80992498 1 101
112  40.96662750  028.80937576  40.96627661  028.80964052 1 101
111  40.96592981  028.81006738 1
116  40.96607884  028.81105618  40.96646237  028.81187747
120 Linear Feature 3
111  40.96714246  028.80851042 6 103
116  40.96687535  028.80962421  40.96709790  028.81033155
120 Linear Feature 2
111  40.96618008  028.80927748 4
115  40.96652787  028.81005146
21  40.96729164  028.81233985 2 58.6400 3.0 05  PAPI-4L
21  40.99490320  028.80935308 2 178.4800 3.0 17L PAPI-4L
21  40.99485228  028.80667589 2 178.4900 3.0 17R PAPI-4L
21  40.97624679  028.83406540 2 238.6500 3.0 23  PAPI-4L
21  40.97190963  028.80635797 2 358.4900 3.0 35L PAPI-4L
21  40.97306508  028.80881480 2 358.4800 3.0 35R PAPI-4L
20  40.96953817  028.81183277 226.4700 0 2 {@Y}{^l}B12|{^r}35R
20  40.97111262  028.81231870 183.0134 0 2 {@R}{^r}B11
20  40.97381066  028.81362374 2.2500 0 2 {@Y}{^l}A5B
20  40.97482517  028.80825155 136.3300 0 2 {@R}17L-35R{@Y}{^lu}A5B
20  40.97582815  028.80821818 320.0000 0 2 {@R}17R-35L{@Y}{^u}K1_GEN_AV
20  40.97001022  028.81026580 299.4800 0 2 {@R}35R
20  40.96946879  028.80794657 267.2700 0 2 {@R}35L
20  40.96947061  028.80876313 87.9200 0 2 {@R}35R
20  40.97529302  028.81239985 180.0000 0 2 {@Y}{^rd}B9|{^r}A5B
20  40.97777169  028.81359798 358.9800 0 2 {@Y}{^l}B8
20  40.97920810  028.81224734 176.6300 0 2 {@Y}{^r}B8
20  40.98773437  028.81297478 358.2800 0 2 {@Y}{^l}A3B|B5{^r}
20  40.98864968  028.81199096 177.8400 0 2 {@Y}{^l}B5{@L}C{@Y}{^r}A3B
20  40.99112232  028.81261400 358.2800 0 2 {@Y}{^l}A2B{@L}C{@Y}{^r}B4
20  40.97404015  028.81090199 270.0000 0 2 {@R}17L-35R{@Y}{^ru}A5
20  40.97404739  028.81171312 271.7900 0 2 {@Y}B9{^r}
20  40.97639048  028.81095315 334.4900 0 2 {@R}17L-35R
20  40.98053995  028.81065003 334.3600 0 2 {@R}17L-35R
20  40.99036832  028.80702508 203.2000 0 2 {@R}17R-35L
20  40.99092427  028.80800371 28.1900 0 2 {@R}17L-35R{@Y}{^u}B3|{^r}B4
20  40.98415434  028.80725812 87.0400 0 2 {@R}X_-CLSD-_X
20  40.98418838  028.80819609 267.8800 0 2 {@R}X_-CLSD-_X
20  40.98591945  028.80957422 201.6300 0 2 {@R}17L-35R
20  40.98731630  028.81096065 18.9500 0 2 {@Y}{^l}A3B|{^r}B5
20  40.98834936  028.81145324 270.0000 0 2 {@Y}{^l}B5|{^r}B4|{^u}A3{@L}A3B
20  40.98836062  028.81057367 -88.7500 0 2 {@R}17L-35R
20  40.99758622  028.80778605 88.1700 0 2 {@R}17L-35R{@Y}{^u}B1|{^ru}B2
20  40.99687976  028.80674774 267.4600 0 2 {@L}A1{@R}17R-35L{@Y}{^u}GA_RAMP
20  40.99521712  028.81253679 180.0000 0 2 {@Y}{^rd}B2|{^ru}B3{^u}C
20  40.99131735  028.81017369 268.5300 0 2 {@Y}{^u}A2|B3{^rd}
20  40.99085596  028.81095640 23.1300 0 2 {@Y}{^l}A2B|{^r}B4
20  40.98929244  028.80946115 200.3500 0 2 {@R}17L-35R{@Y}{^l}B5|{^u}A3
20  40.99194252  028.81149179 268.5900 0 2 {@L}A2B{@R}17L-35R{@Y}{^rd}B3|{^lu}A2|{^l}B4
20  40.99241999  028.81264695 358.0500 0 2 {@Y}{^ld}B3|{^lu}B2{^u}B1
20  40.99696448  028.80978359 322.9400 0 2 {@R}{^ld}17L{@Y}{^lu}A1|B1{^r}
20  40.99289405  028.81063237 205.0700 0 2 {@L}B3{@Y}{^ld}B4{@R}17L-35R
20  40.99758025  028.80958607 271.9700 0 2 {@L}B1{@R}17L
20  40.96903558  028.81499763 55.9400 0 2 {@Y}{^ru}B12|C{^rd}
20  40.96879545  028.81038414 131.4300 0 2 {@Y}{^lu}E{^ld}
20  40.96790341  028.81031911 53.1300 0 2 {@Y}{^ld}B12|{^lu}C
20  40.97368164  028.82966234 283.1300 0 2 {@R}05-23
20  40.97554277  028.83404495 270.0000 0 2 {@R}05-23
20  40.97896757  028.83657670 106.7000 0 2 {@R}23
20  40.97800267  028.83484113 194.6200 0 2 {@R}05-23
20  40.97648947  028.83167829 193.5700 0 2 {@R}05-23
20  40.97455674  028.82767146 196.9400 0 2 {@R}05-23
20  40.96880227  028.81523622 93.4700 0 2 {@R}05-23
20  40.96680823  028.81096364 148.1500 0 2 {@R}05
20  40.96619216  028.80915578 144.0400 0 2 {@R}05
20  40.96846229  028.80790786 318.5000 0 2 {@R}35L
14  40.98111552  028.81795466  59.06 0 Tower Viewpoint
15  40.97785352  028.81458766 270.00 Apron A5
18  40.98289452  028.81013466 1 Rotating Beacon
19  40.99382189  028.80948688 1 Windsock
19  40.97285452  028.81049066 1 Windsock
19  40.99208752  028.80723666 1 Windsock
19  40.97285452  028.80796566 1 Windsock
19  40.96760152  028.81217466 1 Windsock
19  40.97733816  028.83371394 1 Windsock
50 12820 ATIS
52 12170 YESILKOY DELIVERY
53 12190 YESILKOY GND
54 12180 YESILKOY TWR
55 12110 YESILKOY APP
99
