I
1000 Generated by WorldEditor
1    234 1 0 SVMI Caracas Simon Bolivar Intl
100 45.11 1 0 0.25 0 2 1 10  10.60375246 -067.01274426    0   61 3 7 0 0 28  10.60477146 -066.98077726    0   61 3 0 0 0
100 44.20 1 0 0.25 0 2 1 09  10.59867746 -066.99766965    0    0 2 0 0 0 27  10.60522746 -066.97110065    0    0 2 0 0 0
110 2 0.00 120.0000 New Taxiway 29
112  10.60273973 -066.98884251  10.60272303 -066.98859894
111  10.60293370 -066.98826893
112  10.60307188 -066.98835988  10.60289649 -066.98859495
113  10.60290423 -066.98884794
110 2 0.00 120.0000 New Taxiway 28
111  10.59823934 -066.99264469
112  10.59853914 -066.99241165  10.59859977 -066.99213064
111  10.59861324 -066.99243907
113  10.59845493 -066.99278862
110 2 0.00 120.0000 New Taxiway 27
111  10.60489108 -066.98056853
112  10.60491993 -066.98049223  10.60495742 -066.98049267
112  10.60513961 -066.98055194  10.60524247 -066.98063755
112  10.60524654 -066.98076195  10.60525062 -066.98088635
112  10.60524247 -066.98128858  10.60523839 -066.98160787
111  10.60497575 -066.98164857
113  10.60484303 -066.98164519
110 2 0.00 120.0000 New Taxiway 26
111  10.60436523 -066.98723887
111  10.60431706 -066.98679027
112  10.60401513 -066.98687623  10.60370389 -066.98739645
111  10.60419603 -066.98625994
112  10.60440356 -066.98578838  10.60439741 -066.98553937
113  10.60445779 -066.98607866
110 2 0.00 120.0000 New Taxiway 25
111  10.59939408 -066.99648493
112  10.59911506 -066.99673255  10.59905179 -066.99695656
111  10.59893413 -066.99662802
111  10.59904926 -066.99613522
111  10.59926944 -066.99609402
114  10.59940162 -066.99631878  10.59959143 -066.99632135
110 2 0.00 120.0000 New Taxiway 24
111  10.59856275 -066.99676745
112  10.59872700 -066.99663776  10.59876152 -066.99648222
112  10.59854055 -066.99645575  10.59839246 -066.99645514
111  10.59854815 -066.99629027
112  10.59885494 -066.99606085  10.59892398 -066.99578991
111  10.59886881 -066.99637603
113  10.59876972 -066.99688877
110 2 0.00 120.0000 New Taxiway 23
111  10.60425562 -066.99165210
112  10.60390106 -066.99123653  10.60364689 -066.99122718
111  10.60390380 -066.99106371
112  10.60427706 -066.99079535  10.60427093 -066.99058350
113  10.60433831 -066.99119413
110 2 0.00 120.0000 New Taxiway 23
111  10.60405529 -066.99704574
112  10.60369700 -066.99662827  10.60344283 -066.99661893
111  10.60371142 -066.99645843
112  10.60407672 -066.99618899  10.60407060 -066.99597714
113  10.60413797 -066.99658777
110 2 0.00 120.0000 New Taxiway 21
111  10.60102832 -066.99856453
112  10.60117507 -066.99844165  10.60118027 -066.99831746
111  10.60122962 -066.99841259
114  10.60122313 -066.99861606  10.60122442 -066.99861738
110 2 0.00 120.0000 New Taxiway 16
111  10.60241125 -066.99929663
112  10.60225343 -066.99905482  10.60211843 -066.99904902
111  10.60225914 -066.99887879
114  10.60242266 -066.99871436  10.60243787 -066.99855574
110 2 0.00 120.0000 New Taxiway 14
111  10.60173810 -066.99903380
112  10.60146984 -066.99927840  10.60145718 -066.99953587
111  10.60139913 -066.99925461
111  10.60142934 -066.99865531
111  10.60148802 -066.99858135
114  10.60174316 -066.99886386  10.60201143 -066.99886901
110 2 0.00 120.0000 New Taxiway 12
111  10.60385162 -067.00322895
112  10.60358272 -067.00292613  10.60339448 -067.00292226
112  10.60355230 -067.00275396  10.60355230 -067.00274816
114  10.60387995 -067.00248273  10.60390026 -067.00222079
110 2 0.00 120.0000 New Taxiway 11
111  10.60305408 -066.99122379
112  10.60282211 -066.99139016  10.60281640 -066.99154298
111  10.60264908 -066.99139403
112  10.60244480 -066.99115213  10.60228508 -066.99114827
111  10.60244305 -066.99097191
112  10.60267158 -066.99085829  10.60269820 -066.99069966
112  10.60276602 -066.99072107  10.60275772 -066.99072349
111  10.60284112 -066.99089203
114  10.60305062 -066.99103747  10.60318989 -066.99104611
110 2 0.00 120.0000 New Taxiway 11
111  10.60162356 -066.99656985
112  10.60139159 -066.99673621  10.60138588 -066.99688904
111  10.60121856 -066.99674008
112  10.60104796 -066.99653558  10.60088825 -066.99653171
111  10.60104009 -066.99638028
112  10.60123187 -066.99618877  10.60125849 -066.99603014
112  10.60133550 -066.99606713  10.60132719 -066.99606955
111  10.60141060 -066.99623809
114  10.60162009 -066.99638905  10.60175937 -066.99639769
110 2 0.00 120.0000 New Taxiway 11
111  10.60288301 -066.99660303
112  10.60265103 -066.99676939  10.60264533 -066.99692221
111  10.60247800 -066.99677326
112  10.60232779 -066.99658949  10.60216807 -066.99658562
111  10.60232399 -066.99641345
112  10.60249131 -066.99622194  10.60251793 -066.99606332
112  10.60252174 -066.99601495  10.60251603 -066.99600528
111  10.60267005 -066.99623161
114  10.60285449 -066.99642506  10.60297428 -066.99643086
110 2 0.00 120.0000 New Taxiway 11
111  10.60268965 -067.00288993
112  10.60245767 -067.00305629  10.60245197 -067.00320911
111  10.60228464 -067.00306016
112  10.60213443 -067.00287639  10.60197471 -067.00287252
111  10.60213063 -067.00270035
112  10.60229795 -067.00250884  10.60232457 -067.00235022
112  10.60232838 -067.00230186  10.60232267 -067.00229218
111  10.60247669 -067.00251851
114  10.60266113 -067.00271196  10.60278092 -067.00271776
110 2 0.00 120.0000 New Taxiway 9
112  10.60136901 -067.00239248  10.60137091 -067.00261494
112  10.60165992 -067.00268071  10.60173028 -067.00268458
111  10.60173028 -067.00274842
112  10.60164661 -067.00285288  10.60143365 -067.00285675
113  10.60133668 -067.00313724
110 2 0.00 120.0000 New Taxiway 8
111  10.60360709 -067.01098920
112  10.60335098 -067.01074346  10.60309486 -067.01072930
111  10.60334574 -067.01055901
112  10.60363493 -067.01027264  10.60364049 -067.01001774
114  10.60369339 -067.01032362  10.60369339 -067.01034062
110 2 0.00 120.0000 New Taxiway 5
111  10.60355093 -067.01273931
112  10.60316494 -067.01233307  10.60279796 -067.01231760
111  10.60317064 -067.01216284
112  10.60357755 -067.01184559  10.60366121 -067.01157477
113  10.60372776 -067.01178161
110 2 0.00 120.0000 New Taxiway 4
111  10.60253267 -067.01069773
112  10.60220417 -067.01103577  10.60219162 -067.01133368
111  10.60211227 -067.01076532
112  10.60212449 -067.01046039  10.60212031 -067.01045188
111  10.60222718 -067.01016334
114  10.60253696 -067.01050876  10.60282978 -067.01054281
110 2 0.00 120.0000 New Taxiway 1
112  10.60188417 -067.01198452  10.60198616 -067.01188824
112  10.60201316 -067.01175424  10.60202537 -067.01166594
111  10.60200638 -067.01213133
113  10.60152182 -067.01210810
110 2 0.00 120.0000 New Taxiway 7
111  10.60431630 -066.97305954
112  10.60454063 -066.97307438  10.60465239 -066.97289621
112  10.60444116 -066.97351092  10.60440074 -066.97370344
112  10.60439523 -066.97363428  10.60443748 -066.97346793
113  10.60423811 -066.97324779
110 2 0.00 120.0000 New Taxiway 5
111  10.60382317 -066.97254766
112  10.60393521 -066.97198308  10.60412331 -066.97184213
112  10.60429865 -066.97186471  10.60433688 -066.97186188
112  10.60425862 -066.97202712  10.60403002 -066.97197377
114  10.60396421 -066.97246032  10.60404170 -066.97265300
110 2 0.00 120.0000 New Taxiway 3
111  10.60459105 -066.97211338
111  10.60476297 -066.97215818
114  10.60472619 -066.97231349  10.60474248 -066.97224246
110 2 0.00 120.9200 New Taxiway 37
111  10.60078314 -066.99052640
111  10.60064748 -066.99049030
114  10.60068018 -066.99038201  10.60066000 -066.99045067
110 2 0.00 120.9200 New Taxiway 36
111  10.60058904 -066.99074865
111  10.60061199 -066.99064390
111  10.60073583 -066.99062691
114  10.60075462 -066.99068991  10.60065026 -066.99065876
110 2 0.00 120.9200 New Taxiway 35
111  10.60011577 -066.99051544
111  10.60023952 -066.99053927
114  10.60019988 -066.99068330  10.60020890 -066.99058600
110 2 0.00 120.9200 New Taxiway 34
112  10.60030888 -066.99026488  10.60034497 -066.99018227
111  10.60034036 -066.99023662
111  10.60028644 -066.99039791
113  10.60015613 -066.99035539
110 2 0.00 120.9200 New Taxiway 33
112  10.59917366 -066.98985740  10.59920859 -066.98975966
111  10.59912125 -066.99009287
113  10.59890945 -066.99003067
110 2 0.00 120.9200 New Taxiway 32
112  10.59889854 -066.99018395  10.59875879 -066.99009287
111  10.59903391 -066.99009065
111  10.59908632 -066.99023282
113  10.59901863 -066.99050161
110 2 0.00 120.9200 New Taxiway 31
112  10.59917892 -066.99051642  10.59914379 -066.99063335
111  10.59909376 -066.99047644
111  10.59922875 -066.99026157
113  10.59949672 -066.99033427
110 2 0.00 345.1000 New Taxiway 30
111  10.59953245 -066.99019291
111  10.59926249 -066.99011819
114  10.59932799 -066.98985768  10.59929822 -066.99004549
110 2 0.00 120.9200 New Taxiway 29
112  10.60255088 -066.98112336  10.60260466 -066.98096263
111  10.60252175 -066.98130233
113  10.60233575 -066.98125446
110 2 0.00 120.9200 New Taxiway 28
112  10.60228765 -066.98140395  10.60216390 -066.98138682
111  10.60237520 -066.98133114
111  10.60248296 -066.98145190
113  10.60243974 -066.98162346
110 2 0.00 120.9200 New Taxiway 27
112  10.60143308 -066.98136669  10.60141271 -066.98144337
111  10.60142188 -066.98135425
111  10.60146873 -066.98119362
113  10.60165820 -066.98124544
110 2 0.00 120.9200 New Taxiway 24
111  10.60168060 -066.98108170
111  10.60149827 -066.98104232
114  10.60155430 -066.98085372  10.60154513 -066.98095527
110 2 0.00 120.9200 New Taxiway 23
111  10.60213336 -066.97684483
111  10.60218512 -066.97664671
114  10.60229975 -066.97667681  10.60219991 -066.97665549
110 2 0.00 120.9200 New Taxiway 22
112  10.60230714 -066.97667931  10.60222949 -066.97665674
111  10.60231084 -066.97667931
111  10.60241437 -066.97670565
113  10.60236384 -066.97690126
110 2 0.00 120.9200 New Taxiway 17
111  10.60257234 -066.97672568
111  10.60285537 -066.97680328
112  10.60276823 -066.97681526  10.60260839 -066.97682414
113  10.60250796 -066.97698249
110 2 0.00 120.9200 New Taxiway 16
111  10.60339899 -066.97678478
112  10.60364097 -066.97669686  10.60366265 -066.97660586
111  10.60374308 -066.97687602
111  10.60354159 -066.97734332
112  10.60352339 -066.97722338  10.60350236 -066.97722582
112  10.60349972 -066.97705333  10.60344817 -066.97696594
113  10.60335537 -066.97694630
110 2 0.00 120.9200 New Taxiway 14
111  10.60463187 -066.97196198
112  10.60483105 -066.97186787  10.60487209 -066.97179736
114  10.60483365 -066.97201336  10.60477266 -066.97201355
110 2 0.00 120.0000 New Taxiway 6
111  10.60317064 -067.01216284
112  10.60358683 -067.01147390  10.60361065 -067.01091900
112  10.60364808 -067.01174611  10.60364808 -067.01185515
114  10.60357152 -067.01204519  10.60351334 -067.01214801
110 2 0.00 0.0000 TaxywayB
111  10.60335098 -067.01074346
111  10.60253267 -067.01069773
111  10.60253696 -067.01050876
113  10.60334574 -067.01055901
110 2 0.25 178.1400 xxx
111  10.60423043 -066.99664349
111  10.59832516 -066.99644839
111  10.59830789 -066.99628220
113  10.60423577 -066.99647614
110 2 0.25 178.1400 A
111  10.60390710 -067.01235443
111  10.60151648 -067.01227545
111  10.60152182 -067.01210810
113  10.60391244 -067.01218708
110 2 0.25 354.1000 Apron1
111  10.59914832 -067.01185992
111  10.60152182 -067.01210810
111  10.60151648 -067.01227545
113  10.59913140 -067.01202647
110 2 0.25 178.1400 xxx
111  10.60404866 -067.00293120
111  10.60126771 -067.00284537
111  10.60126663 -067.00266893
113  10.60405400 -067.00276385
110 2 0.25 178.1400 xxx
111  10.60256566 -066.99906220
111  10.59940193 -066.99895767
111  10.59940727 -066.99879033
113  10.60257100 -066.99889485
110 2 0.00 120.0000 New Taxiway 2
112  10.60217268 -067.01181623  10.60217477 -067.01203328
111  10.60257008 -067.01214605
113  10.60214967 -067.01213116
110 2 0.25 88.1400 F
111  10.60198890 -067.01229290 102
111  10.60273973 -066.98884251 102
111  10.60290423 -066.98884794 102
113  10.60215967 -067.01229834 102
110 2 0.25 57.1000 xxx
111  10.60293370 -066.98826893 102
111  10.60450705 -066.98579465 102
111  10.60464523 -066.98588559 102
113  10.60307188 -066.98835988 102
110 2 0.25 345.1000 xxx
111  10.59886250 -066.99000298 102
111  10.60272199 -066.99104774 102
111  10.60267967 -066.99120955 102
113  10.59882018 -066.99016478 102
110 2 0.25 178.1400 xxx
111  10.60450619 -066.99125283 102
111  10.60281740 -066.99119704 102
111  10.60282274 -066.99102969 102
113  10.60451153 -066.99108548 102
110 2 0.25 75.9200 9-27prltxy
111  10.59807786 -066.99427421 102
111  10.60243001 -066.97662068 102
111  10.60258965 -066.97666142 102
113  10.59823750 -066.99431495 102
110 2 0.25 165.9200 xxx
111  10.60364208 -066.97701974
111  10.60207234 -066.97661919
111  10.60211238 -066.97645678
113  10.60368212 -066.97685733
110 2 0.25 120.9200 xxx
111  10.60476297 -066.97215818
111  10.60425862 -066.97202712
111  10.60429865 -066.97186471
113  10.60479873 -066.97201079
110 2 0.25 120.9200 xxx
111  10.60423811 -066.97324779
111  10.60382317 -066.97254766
111  10.60396421 -066.97246032
113  10.60431630 -066.97305954
110 2 0.25 165.9200 xxx
111  10.60256803 -066.98147831
111  10.60133086 -066.98116262
111  10.60137090 -066.98100022
113  10.60260807 -066.98131590
110 2 0.25 88.1400 Apron
111  10.59741562 -067.01206924
111  10.59785000 -066.99846109
111  10.60148802 -066.99858129
113  10.60105364 -067.01218943
110 2 0.25 88.1400 Apron2
111  10.60043406 -067.01141742
111  10.60069038 -067.00338749
111  10.60158686 -067.00341710
113  10.60133055 -067.01144704
110 2 0.25 88.1400 xxx
111  10.59502832 -067.00980632 51
111  10.59537367 -066.99898742 51
111  10.59709261 -066.99904421 51
113  10.59674726 -067.00986311 51
110 2 0.25 88.1400 xxx
111  10.59656255 -067.00842152
111  10.59681886 -067.00039169
111  10.59794838 -067.00042900
113  10.59769206 -067.00845884
110 2 0.25 88.1400 xxx
111  10.60112845 -066.99991689 102
111  10.60125398 -066.99598420 102
111  10.60141847 -066.99598963 102
113  10.60129294 -066.99992233 102
110 2 0.25 75.9200 xxx
111  10.59761938 -066.99043420
111  10.60112939 -066.97619663
111  10.60222555 -066.97647633
113  10.59871554 -066.99071390
110 2 0.25 75.9200 xxx
111  10.59653845 -066.99015440 51
111  10.59779232 -066.98506843 51
111  10.59888847 -066.98534813 51
113  10.59763461 -066.99043410 51
110 2 0.25 108.9200 xxx
111  10.59835441 -066.99624117
111  10.59794083 -066.99501365
111  10.59809652 -066.99495936
113  10.59851009 -066.99618687
110 2 0.25 75.9200 xxx
111  10.59685310 -066.99480803
111  10.59743966 -066.99242880
111  10.59853582 -066.99270850
113  10.59794926 -066.99508773
110 2 0.25 108.9200 xxx
111  10.59764238 -066.99713216
111  10.59686059 -066.99481177
111  10.59777655 -066.99449236
113  10.59855834 -066.99681275
110 2 0.25 165.9200 xxx
111  10.59865891 -066.99739783
111  10.59765055 -066.99714053
111  10.59779202 -066.99656670
113  10.59880038 -066.99682400
110 2 0.25 134.8000 xxx
111  10.60118116 -067.01223065
111  10.60088931 -067.01193165
111  10.60101777 -067.01180187
113  10.60130962 -067.01210087
110 2 0.25 56.8000 xxx
111  10.59786332 -066.99454814
111  10.59809012 -066.99419554
111  10.59824160 -066.99429639
113  10.59801481 -066.99464898
110 2 0.25 122.8000 xxx
111  10.59794256 -066.99505925
111  10.59771819 -066.99470505
111  10.59787036 -066.99460528
113  10.59809473 -066.99495948
110 2 0.25 88.1400 xxx
111  10.60403487 -067.01274912
111  10.60407164 -067.01159719
111  10.60450206 -067.01161141
113  10.60446529 -067.01276334
110 2 0.25 358.1400 xxx
111  10.60484717 -066.98120596
111  10.60498973 -066.98121067
111  10.60497575 -066.98164857
113  10.60483319 -066.98164386
110 2 0.25 358.1400 xxx
111  10.60485858 -066.98058264
111  10.60502033 -066.98058798
111  10.60500635 -066.98102588
113  10.60484460 -066.98102054
110 2 0.25 178.1400 xxx
111  10.60419005 -067.01236391
111  10.60370754 -067.01234797
111  10.60371288 -067.01218062
113  10.60419539 -067.01219656
110 2 0.25 144.9400 xxx
111  10.60421935 -067.01170047
111  10.60407116 -067.01159467
111  10.60432957 -067.01122005
113  10.60447776 -067.01132585
110 2 0.25 178.1400 xxx
111  10.60449748 -067.01175522
111  10.60431653 -067.01174925
111  10.60433345 -067.01121930
113  10.60451439 -067.01122528
110 2 0.25 174.9400 xxx
111  10.60437307 -067.01194374
111  10.60421187 -067.01192921
111  10.60424985 -067.01149279
113  10.60441106 -067.01150731
130 Airport Boundary 4
111  10.60436936 -067.01100695 106
111  10.60429470 -067.01257688 106
111  10.60378696 -067.01258701 106
111  10.60377700 -067.01313902 106
111  10.60322446 -067.01316434 106
111  10.60324935 -067.01244014 106
111  10.59670192 -067.01236815 106
111  10.59663934 -067.01056596 106
111  10.59399854 -067.01014287 106
111  10.59480949 -066.99820877 106
111  10.59695124 -066.99808184 106
111  10.59699283 -066.99715106 106
111  10.59616108 -066.99488756 106
111  10.59666013 -066.99211636 106
111  10.59688886 -066.99065116 106
111  10.59595314 -066.99027038 106
111  10.59541251 -066.99012230 106
111  10.59647299 -066.98563761 106
111  10.59693045 -066.98367511 106
111  10.59834442 -066.98433089 106
111  10.60040299 -066.97572113 106
111  10.60071489 -066.97450181 106
111  10.60327252 -066.97541144 106
111  10.60360522 -066.97390949 106
111  10.60312696 -066.97257677 106
111  10.60314775 -066.97145560 106
111  10.60379236 -066.97111713 106
111  10.60420823 -066.97056713 106
111  10.60445776 -066.96976326 106
111  10.60576776 -066.97035558 106
111  10.60599649 -066.97092675 106
113  10.60585093 -066.97181522 106
120 Linear Feature 30
111  10.59872814 -066.98995191 51 101
115  10.59766856 -066.98967323
120 Linear Feature 29
111  10.59835177 -066.99035263 51 101
116  10.59755418 -066.99014485  10.59754213 -066.99014791
120 Linear Feature 28
111  10.60237133 -066.97660986 51 101
111  10.60234516 -066.97660226 51 101
116  10.60193136 -066.97682645  10.60183604 -066.97718774
120 Linear Feature 26
111  10.59872851 -066.98995066 51 101
111  10.60032620 -066.98340238 51 101
115  10.60193136 -066.97682645
120 Linear Feature 25
111  10.59867705 -066.99017346 51 101
115  10.59873028 -066.98994985
120 Linear Feature 24
111  10.59881418 -066.99009121 51 101
116  10.59873028 -066.98994985  10.59875303 -066.98985909
120 Linear Feature 23
111  10.59867705 -066.99017346 51 101
116  10.59835177 -066.99035263  10.59807060 -066.99027865
120 Linear Feature 22
111  10.59891088 -066.99011459 51 101
112  10.59881418 -066.99009121  10.59881259 -066.99009040 51 101
116  10.59867705 -066.99017346  10.59865089 -066.99027104
120 Linear Feature 20
111  10.60094072 -067.01011881 51 101
112  10.60113740 -067.00924430  10.60115197 -067.00895527 51 101
111  10.60125760 -067.00571663 51 101
112  10.60130859 -067.00362913  10.60129038 -067.00345868 51 101
115  10.60123697 -067.00345423
120 Linear Feature 19
111  10.60081072 -067.01159682 51 101
116  10.60094231 -067.01012218  10.60106155 -067.00996739
120 Linear Feature 18
111  10.60125071 -067.01217621 51 101
116  10.60081072 -067.01159682  10.60083951 -067.01113874
120 Linear Feature 17
111  10.60126969 -067.00262842 51 101
116  10.60118635 -067.00275448  10.60110596 -067.00275584
120 Linear Feature 16
111  10.60126596 -067.00288133 51 101
116  10.60118635 -067.00275448  10.60110962 -067.00275252
120 Linear Feature 15
111  10.59928725 -067.00267701 51 101
116  10.59910664 -067.00250551  10.59911567 -067.00234933
120 Linear Feature 14
111  10.60136185 -067.00276049 51 101
111  10.59992595 -067.00271070 51 101
111  10.59928725 -067.00268007 51 101
116  10.59909460 -067.00286688  10.59908557 -067.00305981
120 Linear Feature 13
111  10.59906439 -067.00384454 51 101
116  10.59925827 -067.00403085  10.59942461 -067.00403465
120 Linear Feature 12
111  10.60062829 -067.00407741 51 101
111  10.59925827 -067.00403085 51 101
116  10.59905364 -067.00422017  10.59905364 -067.00442235
120 Linear Feature 11
111  10.60123697 -067.00345423 51 101
116  10.60062829 -067.00407741  10.59995726 -067.00405539
120 Linear Feature 10
112  10.59882920 -067.01080446  10.59880760 -067.01139078 51 101
116  10.59982148 -067.01202903  10.60020712 -067.01211281
120 Linear Feature 9
111  10.60125026 -066.99856803 51 101
112  10.60102589 -066.99884113  10.60076146 -066.99883298 51 101
112  10.60044802 -066.99882075  10.60024369 -066.99881667 51 101
111  10.59957861 -066.99879222 51 101
112  10.59921798 -066.99941775  10.59919084 -067.00010830 51 101
116  10.59879501 -067.01190439  10.59879348 -067.01201555
120 Linear Feature 7
111  10.60123697 -067.00345423 51 101
111  10.60126509 -067.00288200 51 101
111  10.60126969 -067.00262842 51 101
111  10.60128555 -067.00226808 51 101
111  10.60139913 -066.99925461 51 101
116  10.60158368 -066.99895009  10.60176749 -066.99895901
120 Linear Feature 6
111  10.60136185 -067.00276049 51 101
116  10.60126969 -067.00262842  10.60127265 -067.00250374
120 Linear Feature 4
111  10.60230312 -067.00281361 51 101
112  10.60188755 -067.00278421  10.60187360 -067.00278437 51 101
111  10.60136185 -067.00276049 51 101
116  10.60126509 -067.00288200  10.60125947 -067.00298772
120 Linear Feature 3
111  10.60237158 -067.00276360 51 101
116  10.60230673 -067.00281415  10.60225680 -067.00281241
120 Linear Feature 2
111  10.60243630 -067.00281515 51 101
115  10.60230673 -067.00281415
120 Linear Feature 1
111  10.60236731 -067.00288848 51 101
116  10.60230673 -067.00281415  10.60225314 -067.00281407
120 Linear Feature 6
111  10.60414542 -066.97193051 51 101
116  10.60402187 -066.97199889  10.60396820 -066.97205495
120 Linear Feature 15
111  10.60402187 -066.97199889 51 101
112  10.60390372 -066.97217194  10.60387653 -066.97223837 51 101
112  10.60386926 -066.97236196  10.60387542 -066.97245504 51 101
112  10.60394568 -066.97258908  10.60402278 -066.97271092 51 101
111  10.60425639 -066.97309669 51 101
112  10.60441124 -066.97333489  10.60450277 -066.97347526 51 101
112  10.60454985 -066.97365664  10.60457448 -066.97379075 51 101
116  10.60453087 -066.97393991  10.60450705 -066.97403292
120 Linear Feature 123
111  10.60237158 -067.00276360 51 101
112  10.60239827 -067.00280422  10.60241755 -067.00281822 51 101
115  10.60243630 -067.00281515
120 Linear Feature 122
111  10.60237605 -066.99896309 51 101
116  10.60249855 -066.99880014  10.60249983 -066.99875203
120 Linear Feature 120
111  10.60158368 -066.99895009 51 101
111  10.60186486 -066.99896309 51 101
111  10.60237477 -066.99896309 51 101
116  10.60248769 -066.99913863  10.60248130 -066.99922185
120 Linear Feature 117
111  10.60390106 -066.99123653 54 104
115  10.60390380 -066.99106371
120 Linear Feature 116
111  10.60404046 -066.99115325 51 101
112  10.60420524 -066.99113461  10.60426989 -066.99110519 51 101
112  10.60436202 -066.99097755  10.60438244 -066.99094640 51 101
112  10.60440625 -066.99083910  10.60441476 -066.99081313 51 101
111  10.60442218 -066.99075053 51 101
111  10.60444820 -066.99058757 51 101
112  10.60446069 -066.99051178  10.60446145 -066.99050062 51 101
115  10.60446087 -066.99046203
120 Linear Feature 115
111  10.60307676 -066.99111281 51 101
111  10.60341066 -066.99113284 51 101
111  10.60404046 -066.99115325 51 101
112  10.60423397 -066.99120940  10.60427422 -066.99125598 51 101
111  10.60437429 -066.99140843 51 101
112  10.60441490 -066.99155262  10.60441569 -066.99160430 51 101
111  10.60442482 -066.99164601 51 101
116  10.60442377 -066.99169747  10.60442298 -066.99172088
120 Linear Feature 114
111  10.60274232 -066.99119655 51 101
111  10.60275258 -066.99118635 51 101
116  10.60307676 -066.99111281  10.60313940 -066.99112458
120 Linear Feature 113
111  10.60273928 -066.99120330 51 101
112  10.60272113 -066.99114701  10.60270819 -066.99113161 51 101
116  10.60264965 -066.99111608  10.60260719 -066.99110298
120 Linear Feature 112
111  10.60273928 -066.99120330 51 101
115  10.60274603 -066.99104814
120 Linear Feature 111
111  10.60273928 -066.99120330 51 101
116  10.60274236 -066.99119623  10.60274507 -066.99119623
120 Linear Feature 110
111  10.60317163 -067.01233071 54 104
115  10.60317530 -067.01216301
120 Linear Feature 109
111  10.60330743 -067.01074083 54 104
115  10.60330832 -067.01055565
120 Linear Feature 108
112  10.60358129 -067.00293103  10.60358470 -067.00279093 54 104
116  10.60358734 -067.00274844  10.60358792 -067.00273655
120 Linear Feature 107
111  10.60368898 -067.00282984 51 101
112  10.60388390 -067.00277818  10.60394246 -067.00273911 51 101
116  10.60408123 -067.00253766  10.60408302 -067.00244105
120 Linear Feature 105
111  10.60243630 -067.00281515 51 101
111  10.60268434 -067.00281699 51 101
111  10.60354333 -067.00282698 51 101
111  10.60368898 -067.00282984 51 101
116  10.60405733 -067.00318600  10.60404749 -067.00332617
120 Linear Feature 104
111  10.60236731 -067.00288848 51 101
112  10.60238958 -067.00284017  10.60240511 -067.00282168 51 101
116  10.60243630 -067.00281515  10.60245248 -067.00281532
120 Linear Feature 103
111  10.60232414 -067.01060641 51 101
116  10.60212449 -067.01046039  10.60212515 -067.01039634
120 Linear Feature 102
111  10.60211227 -067.01076532 51 101
111  10.60211956 -067.01061399 51 101
115  10.60256683 -066.99667176
120 Linear Feature 101
111  10.60207081 -067.01212174 51 101
116  10.60189191 -067.01221794  10.60181057 -067.01221676
120 Linear Feature 100
111  10.60211227 -067.01076532 51 101
111  10.60209637 -067.01127618 51 101
111  10.60207081 -067.01212174 51 101
116  10.60227422 -067.01222544  10.60235787 -067.01223254
120 Linear Feature 99
111  10.60354390 -067.01064801 51 101
111  10.60313657 -067.01063787 51 101
111  10.60232414 -067.01060641 51 101
116  10.60211227 -067.01076532  10.60210918 -067.01091793
120 Linear Feature 98
111  10.60379521 -067.01137052 51 101
116  10.60354390 -067.01064801  10.60327795 -067.01064344
120 Linear Feature 97
112  10.60320563 -067.01223883  10.60331647 -067.01219635 51 101
116  10.60379521 -067.01137052  10.60380019 -067.01114500
120 Linear Feature 96
111  10.60320563 -067.01223883 51 101
111  10.60354249 -067.01224110 51 101
116  10.60377514 -067.01206239  10.60378012 -067.01189508
120 Linear Feature 94
111  10.60125229 -067.01217674 51 101
111  10.60151087 -067.01221047 51 101
111  10.60271424 -067.01223408 51 101
115  10.60320739 -067.01223745
120 Linear Feature 93
111  10.59879501 -067.01190439 51 101
116  10.60125229 -067.01217674  10.60160369 -067.01219360
120 Linear Feature 92
111  10.60472696 -066.98214819 51 101
115  10.60473739 -066.98189503
120 Linear Feature 91
111  10.60497680 -066.98165044 56 106
111  10.60501359 -066.98077466 56 106
115  10.60502095 -066.98058896
120 Linear Feature 90
111  10.60473739 -066.98189503 51 101
111  10.60473739 -066.98189503 51 101
115  10.60474508 -066.98160040
120 Linear Feature 89
111  10.60487398 -066.98155743 51 101
116  10.60473739 -066.98189321  10.60473968 -066.98199662
120 Linear Feature 88
111  10.60507888 -066.98141967 51 101
116  10.60487426 -066.98155732  10.60482530 -066.98167190
120 Linear Feature 87
111  10.60514878 -066.98119601 51 101
116  10.60507888 -066.98141967  10.60499840 -066.98144737
120 Linear Feature 86
111  10.60515362 -066.98103518 51 101
115  10.60514878 -066.98119601
120 Linear Feature 85
111  10.60504306 -066.98066661 51 101
116  10.60515362 -066.98103518  10.60514683 -066.98127996
120 Linear Feature 84
111  10.60474508 -066.98160040 51 101
111  10.60476531 -066.98080883 51 101
111  10.60482601 -066.98069281 51 101
116  10.60504306 -066.98066661  10.60512767 -066.98076953
120 Linear Feature 83
111  10.60401513 -066.98687623 54 104
115  10.60388638 -066.98677586
120 Linear Feature 82
111  10.60369700 -066.99662827 54 104
111  10.60370874 -066.99648891 54 104
115  10.60371142 -066.99645843
120 Linear Feature 81
111  10.60425416 -066.99707925 51
111  10.60426226 -066.99687752 51
116  10.60401625 -066.99656100  10.60384755 -066.99653760
120 Linear Feature 80
111  10.60068493 -066.99067032 54 104
115  10.60072654 -066.99050814
120 Linear Feature 79
111  10.59939408 -066.99648493 54 104
115  10.59940162 -066.99631878
120 Linear Feature 78
111  10.60257806 -066.99634841 51 101
115  10.60273481 -066.99132100
120 Linear Feature 77
111  10.60445779 -066.98607866 51 101
116  10.60461325 -066.98570750  10.60461629 -066.98559615
120 Linear Feature 76
111  10.60414279 -066.98652721 51 101
115  10.60445926 -066.98608035
120 Linear Feature 75
111  10.60457672 -066.98683723 51 101
115  10.60458281 -066.98672124
120 Linear Feature 74
111  10.60440631 -066.98638215 51 101
116  10.60458281 -066.98672124  10.60458199 -066.98678249
120 Linear Feature 73
112  10.60414279 -066.98652721  10.60416072 -066.98650128 51 101
112  10.60422374 -066.98643632  10.60427611 -066.98639695 51 101
116  10.60440631 -066.98638215  10.60443673 -066.98643410
120 Linear Feature 71
111  10.60301287 -066.98828233 51 101
115  10.60414279 -066.98652721
120 Linear Feature 70
112  10.60281648 -066.98882000  10.60283300 -066.98871484 51 101
116  10.60301287 -066.98828233  10.60311726 -066.98813842
120 Linear Feature 69
111  10.60281602 -066.98882043 51 101
115  10.60281431 -066.98887194
120 Linear Feature 68
111  10.60274603 -066.99104814 51 101
115  10.60281431 -066.98887194
120 Linear Feature 67
111  10.60264965 -066.99111608 51 101
111  10.60269945 -066.99110626 51 101
116  10.60274603 -066.99104814  10.60274611 -066.99100024
120 Linear Feature 66
111  10.60273928 -066.99120330 51 101
115  10.60273481 -066.99132100
120 Linear Feature 63
111  10.59959596 -066.99028054 51 101
111  10.60038354 -066.99049999 51 101
115  10.60264961 -066.99111597
120 Linear Feature 62
111  10.60011577 -066.99051544 54 104
115  10.60015613 -066.99035539
120 Linear Feature 61
112  10.59841519 -066.99733350  10.59851061 -066.99695404 54 104
115  10.59856265 -066.99675989
120 Linear Feature 60
111  10.59854055 -066.99645575 54 104
115  10.59854815 -066.99629027
120 Linear Feature 57
111  10.60401667 -066.99656182 51 101
115  10.60245998 -066.99650273
120 Linear Feature 56
111  10.60401625 -066.99656100 51
116  10.60428065 -066.99621269  10.60428787 -066.99600195
120 Linear Feature 54
111  10.60256683 -066.99667176 51 101
111  10.60257806 -066.99634841 51 101
116  10.60245998 -066.99650273  10.60233196 -066.99649764
120 Linear Feature 53
111  10.60229808 -066.99649560 51 101
111  10.60245998 -066.99650273 51 101
116  10.60256683 -066.99667176  10.60256428 -066.99680603
120 Linear Feature 52
111  10.60144074 -066.99645564 51 101
115  10.60229808 -066.99649560
120 Linear Feature 51
111  10.60116673 -066.99644437 51 101
111  10.60123411 -066.99644568 51 101
116  10.60144048 -066.99645541  10.60152847 -066.99645913
120 Linear Feature 47
111  10.59886881 -066.99637603 51 101
111  10.59866028 -066.99636558 51 101
111  10.59856110 -066.99635969 51 101
111  10.59834875 -066.99634708 51 101
111  10.59805117 -066.99632628 51 101
116  10.59765845 -066.99575592  10.59749134 -066.99531930
120 Linear Feature 46
111  10.59944777 -066.99638676 51 101
111  10.59913227 -066.99638325 51 101
115  10.59886881 -066.99637603
120 Linear Feature 45
111  10.59896025 -066.99652461 51 101
116  10.59886881 -066.99637603  10.59878374 -066.99637151
120 Linear Feature 44
111  10.59893413 -066.99662802 51 101
111  10.59896025 -066.99652461 51 101
116  10.59913227 -066.99638325  10.59928429 -066.99639851
120 Linear Feature 43
111  10.59876972 -066.99688877 51 101
111  10.59891132 -066.99668201 51 101
116  10.59893375 -066.99662901  10.59894455 -066.99658687
120 Linear Feature 35
111  10.59959270 -066.99028153 51 101
115  10.59891085 -066.99011400
120 Linear Feature 36
112  10.59891085 -066.99011400  10.59891275 -066.99012035 51 101
116  10.59922980 -066.99001883  10.59933090 -066.98990822
120 Linear Feature 34
111  10.59912391 -066.99044601 51 101
116  10.59891085 -066.99011400  10.59877313 -066.99007767
120 Linear Feature 33
112  10.59922980 -066.99001883  10.59922806 -066.99002415 51 101
115  10.59912391 -066.99044601
120 Linear Feature 32
111  10.59959270 -066.99028153 51 101
116  10.59912391 -066.99044601  10.59905063 -066.99074421
120 Linear Feature 31
111  10.59925074 -066.98992831 51 101
111  10.59922980 -066.99001883 51 101
116  10.59959270 -066.99028153  10.59991547 -066.99036850
120 Linear Feature 30
111  10.60137563 -066.98130152 51 101
111  10.60121436 -066.98192133 51 101
111  10.59929032 -066.98977361 51 101
115  10.59924976 -066.98992636
120 Linear Feature 28
111  10.60261208 -066.98128033 1 101
116  10.60279127 -066.98098133  10.60281507 -066.98086005
120 Linear Feature 27
111  10.60258453 -066.98182869 51 101
116  10.60233589 -066.98133596  10.60203580 -066.98119928
120 Linear Feature 26
111  10.60356323 -066.97691413 51 101
116  10.60372110 -066.97720820  10.60369779 -066.97730131
120 Linear Feature 25
111  10.60268297 -066.97668592 51 101
111  10.60356323 -066.97691413 51 101
116  10.60383511 -066.97674280  10.60388117 -066.97655341
120 Linear Feature 23
111  10.60233589 -066.98133596 51 101
116  10.60261208 -066.98128033  10.60270952 -066.98115345
120 Linear Feature 17
111  10.60247982 -066.97684765 51 101
115  10.60147477 -066.98093089
120 Linear Feature 20
111  10.60137563 -066.98130152 1 101
115  10.60147477 -066.98093089
120 Linear Feature 21
111  10.60161502 -066.98114159 51 101
115  10.60233589 -066.98133596
120 Linear Feature 19
111  10.60161502 -066.98114159 51 101
116  10.60137563 -066.98130152  10.60132320 -066.98150689
120 Linear Feature 18
111  10.60147477 -066.98093089 51 101
116  10.60161502 -066.98114159  10.60177232 -066.98118427
120 Linear Feature 16
111  10.60247982 -066.97684765 51 101
116  10.60237210 -066.97661123  10.60220985 -066.97657395
120 Linear Feature 14
111  10.60459115 -066.97211167 54 104
115  10.60463187 -066.97196198
120 Linear Feature 11
111  10.60414542 -066.97193051 51 101
112  10.60437175 -066.97196017  10.60453215 -066.97198595 51 101
115  10.60470015 -066.97205575
120 Linear Feature 13
111  10.60423811 -066.97324779 54 104
115  10.60431630 -066.97305954
120 Linear Feature 12
111  10.60470015 -066.97205575 1 101
112  10.60484099 -066.97222438  10.60486479 -066.97233507 1 101
116  10.60480359 -066.97279857  10.60471180 -066.97315831
120 Linear Feature 49
112  10.60116667 -066.99644429  10.60125008 -066.99644614 51 101
116  10.60131318 -066.99654691  10.60131074 -066.99665668
120 Linear Feature 48
111  10.59944780 -066.99638650 51 101
111  10.59959414 -066.99639211 51 101
115  10.60116667 -066.99644429
120 Linear Feature 59
112  10.60256683 -066.99667176  10.60256813 -066.99663543 51 101
116  10.60280232 -066.99651572  10.60285239 -066.99650064
120 Linear Feature 58
111  10.60257806 -066.99634841 51 101
112  10.60260949 -066.99640217  10.60261100 -066.99640446 51 101
116  10.60280232 -066.99651572  10.60286139 -066.99653370
120 Linear Feature 119
111  10.60131318 -066.99654691 51 101
112  10.60134220 -066.99649781  10.60134505 -066.99649311 51 101
116  10.60142511 -066.99645428  10.60147154 -066.99644519
120 Linear Feature 118
111  10.60131318 -066.99654691 51 101
111  10.60130438 -066.99693147 51 101
111  10.60124850 -066.99857061 51 101
111  10.60125300 -066.99861427 51 101
116  10.60158138 -066.99894937  10.60176289 -066.99895759
120 Linear Feature 64
111  10.60275331 -066.99088427 51 101
116  10.60307676 -066.99111281  10.60309793 -066.99111003
120 Linear Feature 15
111  10.60247982 -066.97684765 51 101
116  10.60268297 -066.97668592  10.60282377 -066.97672303
120 Linear Feature 41
111  10.59804756 -066.99675158 51 101
111  10.59765845 -066.99575592 51 101
111  10.59759871 -066.99555020 51 101
112  10.59774117 -066.99432080  10.59781996 -066.99422565 51 101
112  10.59803666 -066.99417065  10.59821541 -066.99404625 51 101
112  10.59823788 -066.99392675  10.59828989 -066.99371415 51 101
115  10.59853582 -066.99270850
120 Linear Feature 40
112  10.59876972 -066.99688877  10.59864310 -066.99709547 51 101
116  10.59804303 -066.99675533  10.59790516 -066.99635325
120 Linear Feature 39
111  10.59912391 -066.99044601 51 101
111  10.59878499 -066.99172440 51 101
115  10.59853582 -066.99270850
120 Linear Feature 38
112  10.60223982 -066.98138977  10.60224446 -066.98138741 54 104
115  10.60227929 -066.98123385
120 Linear Feature 37
112  10.60335537 -066.97694630  10.60335712 -066.97694630 54 104
115  10.60339899 -066.97678478
21  10.60424844 -067.00977487 2 88.1400 3.0 10  PAPI-4L
21  10.60431246 -066.98259423 2 268.1500 3.0 28  PAPI-4L
20  10.60201235 -066.99625263 176.9500 0 2 {@Y}{^l}F{^r}{@L}D
20  10.60073655 -066.99623469 176.9500 0 2 {@Y}{^l}H{@L}D
20  10.59966065 -066.99663544 358.5100 0 2 {@R}09-27{@L}D
20  10.59791528 -066.99594744 108.4300 0 2 {@Y}09-27{^ru}{^r}{@L}J
20  10.60294373 -066.99047551 89.2600 0 2 {@Y}{^l}E/09-27{@L}F{@Y}E/10-28{^r}
20  10.59960765 -066.98949115 75.1800 0 2 {@Y}09-27/10-28{^r}E
20  10.60190333 -066.98034157 75.1800 0 2 {@Y}09-27{^r}L
20  10.59925524 -066.99095155 255.2600 0 2 {@Y}09-27/10-28{^l}E
20  10.60156304 -066.98156227 255.2600 0 2 {@Y}09-27{^l}L
20  10.60262610 -066.97732719 255.2600 0 2 {@Y}{^l}09-27{^l}M
20  10.60402749 -066.97452142 254.3600 0 1 {@Y}N{^r}
20  10.60446295 -066.97171313 164.2100 0 2 {@L}A
20  10.60407075 -066.97319251 133.8400 0 2 {@L}A
20  10.60277474 -066.99854979 89.1000 0 2 {@Y}APRON-G{^l}{@L}F
20  10.60229361 -066.99965761 268.5700 0 2 {@Y}APRON-G{^r}{@L}F
20  10.60131693 -066.99616071 87.5800 0 2 {hazard}
20  10.60224046 -066.98115269 164.2100 0 2 {@R}9-27
20  10.60075758 -066.99092249 344.7400 0 2 {@R}09-27
20  10.60317344 -066.99137068 357.6700 0 2 {@Y}{^u}9-27{@L}E{@Y}{^l}F{^r}
20  10.60210342 -066.99124507 347.8400 0 2 {@Y}{^u}9-27{@L}E
20  10.60234705 -066.99199332 270.5200 0 2 {@L}F{@Y}{^l}E{^r}
20  10.60253005 -066.98940250 270.5200 0 2 {@R}10-28{^lu}{@L}F
20  10.60353223 -066.98700841 238.7000 0 2 {@R}10-28{@L}F
20  10.60386885 -066.99080891 179.5900 0 2 {@R}10-28{@L}E
20  10.60363857 -066.99626752 179.5900 0 2 {@R}10-28{@L}D
20  10.60355686 -067.00256313 179.5900 0 2 {@R}10-28{@L}C
20  10.60324607 -067.01045474 179.5900 0 2 {@R}10-28{@L}B
20  10.60232484 -067.01141112 90.0000 0 2 {@Y}10-28-A{^r}F{^r}{@L}A
20  10.60152446 -067.01197178 179.5900 0 2 {@Y}10-28{^u}F{^r}{@L}A
20  10.60314862 -067.01201282 179.6100 0 2 {@R}28
20  10.60199046 -067.00905798 267.8000 0 2 {@L}F
20  10.60197188 -066.99873490 357.8500 0 2 {@Y}APRON{^r}H{^l}{@L}G
20  10.60220721 -066.99913483 178.0600 0 2 {@Y}{^l}F{^r}
20  10.60278933 -066.99585441 88.5400 0 2 {@L}F{@Y}{^l}D{^r}
20  10.60236451 -066.99692745 268.3100 0 2 {@L}F{@Y}{^l}D{^r}
20  10.60151370 -066.99686526 268.3100 0 2 {@L}H{@Y}{^l}D{^r}
20  10.60279566 -067.00253699 1.1500 0 2 {@Y}{^l}F{^r}{@L}D{@Y}APRON{^u}
20  10.60183458 -067.00251763 177.3200 0 2 {@Y}{^l}F{^r}{@L}D{@Y}10-28{^u}
20  10.60216763 -067.00190774 88.9900 0 2 {@Y}C-10-28{^r}{@L}F{@Y}APRON-C{^l}
20  10.60219617 -067.00317593 267.8000 0 2 {@Y}C-10-28{^l}{@L}F{@Y}APRON-C{^r}
20  10.60195533 -067.00987764 86.0700 0 2 {@L}F{@Y}B{^r}
20  10.60190775 -067.01129104 267.2100 0 2 {@L}F{@Y}B{^l}
14  10.59563707 -066.99730330   0.00 0 Tower Viewpoint
18  10.59557000 -066.99772173 1 BCN
19  10.60527685 -066.98199237 0 New Windsock 14
19  10.60289954 -067.01146652 0 New Windsock 13
19  10.59923420 -066.99710807 0 New Windsock 12
19  10.60128646 -066.98411626 1 Windsock
19  10.60317746 -067.00050126 1 Windsock
50 11480 ATIS
52 11950 CLD
53 12190 GND
54 11840 MAIQUETIA TWR
55 12040 MAIQUETIA APP
56 11840 MAIQUETIA DEP
51 12880 MAIQUETIA UNICOM
99
