I
1000 Generated by WorldEditor

1    229 1 0 SVMI Caracas Simon Bolivar Intl
100 45.11 1 0 0.25 0 3 1 10  10.60381059 -067.01268712    1   62 3 7 0 2 28  10.60513269 -066.97999670  632   61 2 0 0 2
100 44.20 1 0 0.25 0 2 0 09  10.59879806 -066.99742770  113   25 2 0 0 0 27  10.60573565 -066.96989282    0    0 2 0 0 2
110 1 0.00 120.0000 New Taxiway 290
111  10.60412745 -067.01282075
111  10.60400870 -067.01281295
111  10.60533264 -066.98114046
111  10.60545943 -066.98115024
111  10.60420024 -067.01156191
113  10.60414661 -067.01271162
110 2 0.00 120.0000 New Taxiway 289
111  10.60475953 -067.01273111
111  10.60414661 -067.01271162
111  10.60420024 -067.01156191
111  10.60476336 -067.01003133
113  10.60485530 -067.01002354
110 2 0.00 120.0000 New Taxiway 225
111  10.59745721 -066.99499037
111  10.59707258 -066.99489454
111  10.59720602 -066.99444469
113  10.59755663 -066.99455382
110 2 0.00 120.0000 New Taxiway 224
111  10.59761158 -066.99430361
111  10.59721387 -066.99421310
111  10.59731068 -066.99382181
113  10.59769792 -066.99393627
110 1 0.00 120.0000 New Taxiway 11
111  10.60441278 -066.97595088
112  10.60477111 -066.97654163  10.60504492 -066.97661128
111  10.60512894 -066.97663660
111  10.60534986 -066.97668409
112  10.60561824 -066.97721908  10.60559023 -066.97763377
111  10.60552800 -066.97874577
111  10.60549066 -066.97941684
112  10.60567735 -066.97965110  10.60580804 -066.97982837
111  10.60601963 -066.98029689
111  10.60592317 -066.98036653
112  10.60549066 -066.97962578  10.60541598 -066.97955930
112  10.60539731 -066.97924273  10.60540354 -066.97908762
111  10.60553422 -066.97710646
112  10.60526974 -066.97674241  10.60504260 -066.97668226
111  10.60475011 -066.97665377
114  10.60413936 -066.97704175  10.60399001 -066.97735514
110 1 0.00 120.0000 New Taxiway 10
112  10.60520104 -066.97120070  10.60520876 -066.97112221
112  10.60497457 -066.97094449  10.60494628 -066.97093926
112  10.60467884 -066.97097327  10.60443712 -066.97106484
111  10.60460941 -066.97142326
111  10.60500095 -066.97199910
111  10.60503114 -066.97229165
112  10.60475399 -066.97297243  10.60483371 -066.97264279
111  10.60459913 -066.97206544
112  10.60431883 -066.97152791  10.60419797 -066.97132384
112  10.60429597 -066.97101055  10.60434795 -066.97080829
112  10.60457341 -066.97062933  10.60461713 -066.97060840
112  10.60487171 -066.97059009  10.60508000 -066.97058747
113  10.60527710 -066.97089910
110 1 0.00 120.0000 New Taxiway 8
111  10.60375254 -066.97695288
112  10.60343691 -066.97641234  10.60320417 -066.97635662
112  10.60296042 -066.97665198  10.60291251 -066.97673904
111  10.60291666 -066.97613028
111  10.60312506 -066.97578938
112  10.60351221 -066.97610590  10.60380657 -066.97615814
112  10.60402746 -066.97585753  10.60408222 -066.97573913
113  10.60390476 -066.97638758
110 1 0.00 120.0000 New Taxiway 7
111  10.60262742 -066.98141630
112  10.60236236 -066.98085171  10.60209316 -066.98077165
112  10.60199984 -066.98094016  10.60195843 -066.98102443
111  10.60203190 -066.98061006
111  10.60209431 -066.98033495
112  10.60244386 -066.98054287  10.60276300 -066.98060958
112  10.60292975 -066.98023233  10.60295460 -066.98013964
113  10.60285106 -066.98079272
110 1 0.00 120.0000 New Taxiway 6
111  10.60533486 -066.98000335
112  10.60541714 -066.98000050  10.60560162 -066.98000816
112  10.60573716 -066.98032225  10.60577858 -066.98042184
112  10.60555268 -066.98079339  10.60538702 -066.98091596
113  10.60528471 -066.98124189
110 1 0.00 120.0000 New Taxiway 5
111  10.60022896 -066.99093727
112  10.59998638 -066.99036804  10.59972812 -066.99030473
111  10.59943562 -066.99024142
112  10.59932950 -066.99030359  10.59929216 -066.99039855
111  10.59925826 -066.98988688
111  10.59938851 -066.98953799
112  10.59954764 -066.98972725  10.59971255 -066.98976523
111  10.60013572 -066.98986653
112  10.60053312 -066.98972667  10.60059535 -066.98955573
113  10.60048889 -066.99016093
110 1 0.00 120.0000 New Taxiway 3
111  10.60358643 -066.98696529
112  10.60351678 -066.98668810  10.60337490 -066.98659897
111  10.60203304 -066.98573797
112  10.60193925 -066.98577505  10.60190281 -066.98583993
111  10.60201242 -066.98548306
112  10.60210593 -066.98564527  10.60220802 -066.98573001
111  10.60357638 -066.98661957
114  10.60377209 -066.98666368  10.60383271 -066.98660745
110 1 0.00 120.0000 New Taxiway 1
111  10.60255753 -066.99539221
112  10.60272376 -066.99126303  10.60273879 -066.99097243
111  10.60257844 -066.99099282
111  10.60221262 -066.99096223
112  10.60116064 -066.99075300  10.60075445 -066.99062008
111  10.60074683 -066.99091560
111  10.60064760 -066.99086937
112  10.60092071 -066.98981714  10.60089525 -066.99003297
111  10.60117733 -066.99017140
111  10.60187769 -066.99033628
112  10.60246464 -066.99046521  10.60279146 -066.99054664
111  10.60277145 -066.99026841
112  10.60285166 -066.98877021  10.60288474 -066.98807482
111  10.60321585 -066.98756607
111  10.60377209 -066.98666368
112  10.60435339 -066.98588304  10.60449371 -066.98570970
111  10.60454800 -066.98538693
111  10.60465542 -066.98320125
111  10.60480303 -066.98316719
111  10.60472826 -066.98492810
111  10.60467272 -066.98642277
111  10.60432354 -066.99518114
111  10.60416354 -066.99520639
111  10.60430169 -066.99194537
112  10.60432173 -066.99148653  10.60434178 -066.99102769
111  10.60400603 -066.99105318
111  10.60368087 -066.99102769
112  10.60345536 -066.99101750  10.60322986 -066.99100730
111  10.60321409 -066.99120998
113  10.60296556 -066.99539389
112  10.60454360 -066.98663062  10.60457998 -066.98632835
111  10.60444052 -066.98650107
111  10.60422830 -066.98685650
112  10.60374321 -066.98763228  10.60336577 -066.98823229
111  10.60331880 -066.98871800
112  10.60323388 -066.99008898  10.60319749 -066.99056399
111  10.60354312 -066.99048996
112  10.60396757 -066.99050847  10.60437382 -066.99052080
111  10.60436170 -066.99018769
113  10.60450116 -066.98714644
110 2 0.00 120.0000 New Taxiway 15
111  10.60160806 -066.99610479
111  10.60139311 -066.99609407
111  10.60140634 -066.99589557
113  10.60161137 -066.99590230
110 1 0.00 120.0000 Taxiway
111  10.60225047 -067.00187037
112  10.60232063 -066.99953732  10.60233481 -066.99928491
111  10.60213633 -066.99928491
112  10.60179607 -066.99926327  10.60147000 -066.99923443
111  10.60151253 -066.99958059
112  10.60144164 -067.00233060  10.60143455 -067.00260464
111  10.60163106 -067.00268270
111  10.60160465 -067.00319766
112  10.60105529 -067.00317437  10.60072213 -067.00317437
111  10.60075757 -067.00334745
111  10.60063204 -067.00712464
111  10.60041108 -067.01196550
111  10.60037886 -067.01271285
111  10.59762340 -067.01260307
111  10.59761929 -067.01251115
111  10.59854196 -067.01254814
111  10.59854430 -067.01247705
111  10.59911339 -066.99873447
111  10.60054126 -066.99877774
112  10.60088151 -066.99878495  10.60121467 -066.99879217
111  10.60122885 -066.99828577
112  10.60127138 -066.99706700  10.60128556 -066.99659103
111  10.60105163 -066.99664151
111  10.60066885 -066.99666315
111  10.60067594 -066.99613670
112  10.60096657 -066.99614391  10.60125012 -066.99615112
111  10.60129077 -066.99584890
112  10.60176050 -066.99587205  10.60176050 -066.99588496
112  10.60214328 -066.99620881  10.60250480 -066.99623766
111  10.60253316 -066.99600688
111  10.60255754 -066.99539221
111  10.60296556 -066.99539389
112  10.60294430 -066.99581938  10.60292303 -066.99624487
111  10.60319949 -066.99623766
112  10.60363898 -066.99624487  10.60407139 -066.99625208
111  10.60410683 -066.99599967
111  10.60416354 -066.99520639
111  10.60432354 -066.99518114
111  10.60423740 -066.99711322
112  10.60407665 -066.99709898  10.60406247 -066.99678100
111  10.60384455 -066.99675690
112  10.60339088 -066.99674248  10.60290176 -066.99672805
111  10.60293012 -066.99694440
111  10.60285214 -066.99923444
113  10.60276435 -067.00189509
112  10.60207407 -066.99664640  10.60173516 -066.99663655
111  10.60169642 -066.99696657
112  10.60161896 -066.99824725  10.60159475 -066.99866101
112  10.60200629 -066.99881371  10.60228710 -066.99883833
111  10.60234036 -066.99858712
113  10.60239362 -066.99755273
110 1 0.00 120.0000 New Taxiway 4
112  10.60100798 -066.98480595  10.60100515 -066.98482322
112  10.60109200 -066.98488207  10.60119276 -066.98490626
112  10.60155873 -066.98486192  10.60178220 -066.98474969
111  10.60182010 -066.98461946
111  10.60174366 -066.98516768
112  10.60152453 -066.98579357  10.60161076 -066.98537771
111  10.60122977 -066.98522905
113  10.60094242 -066.98514613
110 2 0.00 120.0000 New Taxiway 13
111  10.59882569 -066.99651130
111  10.59860454 -066.99738155
112  10.59803366 -066.99675106  10.59806452 -066.99626850
112  10.59811080 -066.99614673  10.59811080 -066.99611272
111  10.59811338 -066.99569506
111  10.59833196 -066.99562965
111  10.59858654 -066.99668135
114  10.59874854 -066.99664211  10.59880255 -066.99650607
110 1 0.00 120.0000 New Taxiway 3
111  10.59907171 -066.99749448
112  10.59890388 -066.99774610  10.59877360 -066.99773368
111  10.59849270 -066.99764670
112  10.59843164 -066.99751003  10.59844792 -066.99743962
112  10.59832986 -066.99737749  10.59826473 -066.99734436
112  10.59795940 -066.99685564  10.59793497 -066.99654088
112  10.59795940 -066.99626753  10.59797568 -066.99624682
111  10.59784071 -066.99636693
111  10.59785292 -066.99626339
111  10.59762901 -066.99613500
112  10.59726262 -066.99536879  10.59706314 -066.99495877
112  10.59703465 -066.99492564  10.59703465 -066.99485109
111  10.59727891 -066.99377948
111  10.59744989 -066.99301022
112  10.59734404 -066.99281142  10.59736033 -066.99274101
112  10.59744582 -066.99265404  10.59749467 -066.99261262
112  10.59759237 -066.99215682  10.59744989 -066.99192903
112  10.59737661 -066.99176750  10.59736847 -066.99164739
111  10.59714456 -066.99159333
111  10.59715500 -066.99144009
111  10.59692580 -066.99140240
112  10.59683176 -066.99129306  10.59680489 -066.99129306
111  10.59683176 -066.99121561
111  10.59673324 -066.99118372
111  10.59669741 -066.99112449
111  10.59695714 -066.99004308
112  10.59685415 -066.98998386  10.59676906 -066.99013876
111  10.59671980 -066.99038932
111  10.59666607 -066.99036655
111  10.59680489 -066.98997019
111  10.59682728 -066.98986972
111  10.59714970 -066.98991983
111  10.59714970 -066.98979682
111  10.59702432 -066.98974671
111  10.59712284 -066.98909523
111  10.59724374 -066.98850872
111  10.59732883 -066.98851328
111  10.59745422 -066.98792102
111  10.59734226 -066.98790280
111  10.59740496 -066.98768868
111  10.59797845 -066.98548160
111  10.59828784 -066.98449637
111  10.59924777 -066.98470621
111  10.59947783 -066.98414932
111  10.60000831 -066.98431305
111  10.60076990 -066.98104434
111  10.60200644 -066.97613665
111  10.60240469 -066.97455837
111  10.60251713 -066.97419443
111  10.60250270 -066.97391561
111  10.60323112 -066.97392295
111  10.60389727 -066.97327232
112  10.60387975 -066.97273205  10.60377878 -066.97244590
111  10.60363499 -066.97147524
111  10.60391949 -066.97021384
111  10.60396379 -066.96996132
111  10.60397821 -066.96983658
111  10.60425948 -066.96988061
112  10.60418015 -066.96925694  10.60416573 -066.96925694
111  10.60428833 -066.96893409
111  10.60463451 -066.96906617
111  10.60477875 -066.96928628
112  10.60490135 -066.96916155  10.60490857 -066.96916155
111  10.60559414 -066.96933764
111  10.60562299 -066.96944770
111  10.60609177 -066.96955042
111  10.60601712 -066.96997919
111  10.60552467 -066.96984423
111  10.60545884 -066.96982221
111  10.60552924 -066.96950640
111  10.60500997 -066.96929362
112  10.60468543 -066.96966048  10.60456282 -066.96993196
111  10.60439694 -066.97061433
111  10.60429597 -066.97101055
111  10.60416616 -066.97192037
111  10.60418058 -066.97247067
112  10.60394973 -066.97396330  10.60362451 -066.97424690
112  10.60334143 -066.97474881  10.60327586 -066.97501562
111  10.60312506 -066.97578938
111  10.60296042 -066.97665198
111  10.60211678 -066.98018991
111  10.60199984 -066.98094016
111  10.60100798 -066.98480595
111  10.60094242 -066.98514613
112  10.60041135 -066.98563306  10.60022777 -066.98625339
111  10.59938851 -066.98953799
111  10.59932950 -066.99030359
111  10.59843127 -066.99393216
111  10.59827392 -066.99467544
112  10.59830670 -066.99531577  10.59841160 -066.99571598
111  10.59853617 -066.99642969
112  10.59873942 -066.99660979  10.59889022 -066.99634965
111  10.59887498 -066.99642536
113  10.59898760 -066.99747806
111  10.59882569 -066.99651130
112  10.59874854 -066.99664211  10.59869454 -066.99677815
111  10.59858654 -066.99668135
111  10.59833196 -066.99562965
111  10.59811338 -066.99569506
112  10.59811080 -066.99614673  10.59810823 -066.99624614
112  10.59803366 -066.99675106  10.59800023 -066.99723243
113  10.59860454 -066.99738155
110 2 0.00 120.0000 New Taxiway 2
111  10.59924886 -066.99676100
111  10.59907171 -066.99749448
111  10.59898760 -066.99747806
111  10.59920481 -066.99662474
113  10.59927711 -066.99663039
110 1 0.00 120.0000 New Taxiway 1
111  10.60066885 -066.99666314
111  10.59967437 -066.99662160
112  10.59924886 -066.99676100  10.59917674 -066.99694443
111  10.59927711 -066.99663039
111  10.59920481 -066.99662474
111  10.59943238 -066.99570210
111  10.60064760 -066.99086937
111  10.60074683 -066.99091560
111  10.59954567 -066.99570566
112  10.59995452 -066.99613664  10.60048160 -066.99615669
113  10.60068303 -066.99613669
110 1 0.00 120.0000 New Taxiway 5
111  10.60408781 -067.00082523
111  10.60391181 -067.00082128
111  10.60407664 -066.99709898
113  10.60423740 -066.99711322
110 1 0.00 120.0000 New Taxiway 4
111  10.60193970 -067.01110407
112  10.60223406 -067.00349245  10.60224287 -067.00321482
111  10.60204040 -067.00321109
111  10.60160465 -067.00319765
111  10.60163106 -067.00268270
112  10.60192596 -067.00270061  10.60222086 -067.00271852
111  10.60224143 -067.00255284
111  10.60225046 -067.00187037
111  10.60276434 -067.00189509
112  10.60274013 -067.00232855  10.60271593 -067.00276201
111  10.60301126 -067.00276693
112  10.60342280 -067.00277186  10.60383434 -067.00277679
111  10.60385371 -067.00249109
111  10.60391181 -067.00082128
111  10.60408781 -067.00082523
111  10.60401832 -067.00249321
111  10.60397315 -067.00373321
112  10.60381337 -067.00372829  10.60380853 -067.00328497
111  10.60346154 -067.00329117
111  10.60332113 -067.00327147
112  10.60300642 -067.00325669  10.60269172 -067.00324191
111  10.60271593 -067.00348327
113  10.60242397 -067.01112032
110 2 0.00 120.0000 Apron
111  10.59854195 -067.01254813
111  10.59775750 -067.01252075
111  10.59761929 -067.01251115
111  10.59778984 -067.00804534
111  10.59785429 -067.00655455
111  10.59818294 -066.99889312
111  10.59828605 -066.99889968
111  10.59829894 -066.99872922
113  10.59911339 -066.99873446
110 5 0.00 120.0000 New Taxiway 14
111  10.60150256 -067.00808682
112  10.60155055 -067.00679347  10.60155360 -067.00678714
112  10.60163773 -067.00689128  10.60167139 -067.00696779
111  10.60177599 -067.00718780
111  10.60174763 -067.00742578
111  10.60179725 -067.00747626
111  10.60178308 -067.00775026
112  10.60169669 -067.00783501  10.60163189 -067.00789308
113  10.60162166 -067.00808839
110 1 0.00 120.0000 New Taxiway 13
111  10.60146983 -067.01194016
111  10.60137371 -067.01193613
111  10.60150256 -067.00808682
113  10.60162166 -067.00808839
110 2 0.00 120.0000 New Taxiway 12
111  10.60082104 -067.00346711
111  10.60163491 -067.00350065
112  10.60167971 -067.00355573  10.60167741 -067.00361686
111  10.60155055 -067.00679347
111  10.60137371 -067.01193613
111  10.60056931 -067.01190585
113  10.60048572 -067.01190061
110 1 0.00 120.0000 New Taxiway 11
111  10.60105529 -067.00317436
112  10.60103358 -067.00340087  10.60132820 -067.00341005
111  10.60170999 -067.00342840
112  10.60178515 -067.00352933  10.60177914 -067.00364249
111  10.60163773 -067.00689128
112  10.60155055 -067.00679347  10.60149944 -067.00678124
111  10.60167971 -067.00355573
112  10.60163491 -067.00350065  10.60158637 -067.00350255
111  10.60082104 -067.00346711
111  10.60069406 -067.00708677
111  10.60048572 -067.01190061
111  10.60040536 -067.01190117
111  10.60075315 -067.00346351
111  10.60075757 -067.00334744
114  10.60086187 -067.00319461  10.60098158 -067.00316704
110 2 0.00 120.0000 New Taxiway 10
111  10.60360070 -067.01270964
111  10.60259673 -067.01267264
111  10.60261128 -067.01236177
111  10.60313145 -067.01236918
114  10.60361161 -067.01214343  10.60374093 -067.01188389
110 1 0.00 120.0000 Alpha/Bravo
111  10.60360132 -067.01280832
111  10.60037886 -067.01271285
111  10.60041108 -067.01196550
112  10.60058951 -067.01221137  10.60074084 -067.01222516
111  10.60174298 -067.01224428
112  10.60192020 -067.01189092  10.60193209 -067.01155918
111  10.60193438 -067.01155918
111  10.60193970 -067.01110407
111  10.60242397 -067.01112032
112  10.60263782 -067.01134079  10.60286392 -067.01134837
111  10.60317622 -067.01135287
112  10.60352265 -067.01106826  10.60353011 -067.01084836
111  10.60361599 -067.00798359
111  10.60381337 -067.00372829
111  10.60397315 -067.00373321
113  10.60366600 -067.01124982
112  10.60319049 -067.01185706  10.60276627 -067.01182764
112  10.60259232 -067.01183063  10.60238498 -067.01181953
112  10.60241772 -067.01209709  10.60242010 -067.01224423
111  10.60261415 -067.01226362
114  10.60317797 -067.01227472  10.60352058 -067.01227449
111  10.60361161 -067.01214343
112  10.60313145 -067.01236918  10.60274099 -067.01235807
111  10.60261128 -067.01236177
111  10.60259673 -067.01267264
113  10.60360070 -067.01270964
130 Airport Boundary 288
111  10.60519419 -067.01169802 106
111  10.60515812 -067.01320248 106
111  10.60459306 -067.01392413 106
111  10.60325854 -067.01356942 106
111  10.60051737 -067.01341041 106
111  10.59773231 -067.01284772 106
111  10.59720331 -067.01262756 106
111  10.59716724 -067.00648753 106
111  10.59787658 -066.99832110 106
111  10.59679454 -066.99514101 106
111  10.59655409 -066.99141168 106
111  10.59732354 -066.98643361 106
111  10.59780445 -066.98468666 106
111  10.59943953 -066.98413626 106
111  10.60069212 -066.97897470 106
111  10.60183651 -066.97457289 106
111  10.60260596 -066.97354547 106
111  10.60363013 -066.97315405 106
111  10.60342574 -066.97107596 106
111  10.60408699 -066.96862970 106
111  10.60632588 -066.96687336 106
111  10.60832615 -066.97022743 106
111  10.60853418 -066.97138331 106
113  10.60611660 -066.98052617 106
120 Linear Feature 30
111  10.60417573 -066.99061698 1 106
115  10.60388671 -066.99091798
120 Linear Feature 29
111  10.60416376 -066.99095452 1 106
115  10.60392434 -066.99062742
120 Linear Feature 27
111  10.59771514 -067.01245440 20
115  10.59822941 -066.99890466
120 Linear Feature 26
111  10.59827428 -066.99890605 20
111  10.59801240 -067.00665623 20
115  10.59774626 -067.01245392
120 Linear Feature 24
111  10.60062807 -067.00257136 22
111  10.60062651 -067.00313422 22
116  10.60070580 -067.00340469  10.60077265 -067.00352015
120 Linear Feature 23
111  10.60070191 -067.00252141 20
112  10.60066670 -067.00256681  10.60066629 -067.00261221 20
111  10.60066629 -067.00261221 20
111  10.60066601 -067.00314051 20
112  10.60075631 -067.00343989  10.60080992 -067.00351065 20
112  10.60086730 -067.00350418  10.60092561 -067.00350992 20
111  10.60092938 -067.00350801 20
111  10.60160078 -067.00354246 20
112  10.60165345 -067.00364581  10.60165157 -067.00375298 20
111  10.60165157 -067.00375298 20
111  10.60153305 -067.00647618 20
116  10.60147120 -067.00651879  10.60140160 -067.00651688
120 Linear Feature 22
111  10.60072681 -067.00357835 20
112  10.60065745 -067.00337533  10.60059857 -067.00332132 20
112  10.60059664 -067.00322703  10.60058988 -067.00314945 20
111  10.60059084 -067.00314945 20
111  10.60059696 -067.00256724 20
116  10.60053892 -067.00251631  10.60048487 -067.00251464
120 Linear Feature 21
111  10.60076819 -067.00357835 20
112  10.60084263 -067.00354146  10.60091739 -067.00354622 20
111  10.60091739 -067.00354622 20
111  10.60154260 -067.00358504 20
112  10.60160607 -067.00365563  10.60160632 -067.00373354 20
111  10.60160512 -067.00373781 20
111  10.60150037 -067.00632899 20
116  10.60146561 -067.00640660  10.60142743 -067.00640606
120 Linear Feature 20
111  10.60076819 -067.00357835 20
115  10.60069490 -067.00811541
120 Linear Feature 19
111  10.60063248 -067.00811662 20
115  10.60072681 -067.00357835
120 Linear Feature 18
111  10.59933172 -067.00307203 1
116  10.59898243 -067.00334513  10.59862506 -067.00333818
120 Linear Feature 17
111  10.59930275 -067.00368615 1
116  10.59898243 -067.00334513  10.59864050 -067.00333649
120 Linear Feature 16
111  10.59899051 -067.00397134 1
116  10.59927350 -067.00430482  10.59926599 -067.00460031
120 Linear Feature 15
111  10.59899051 -067.00397134 1
116  10.59930275 -067.00368615  10.59931777 -067.00340850
120 Linear Feature 14
111  10.59899057 -067.00460739 1
116  10.59927350 -067.00430482  10.59928853 -067.00397877
120 Linear Feature 13
111  10.59924786 -067.00484783 1
116  10.59899057 -067.00460739  10.59873518 -067.00460229
120 Linear Feature 12
111  10.59924208 -067.00496956 1
116  10.59897378 -067.00522454  10.59872339 -067.00520559
120 Linear Feature 11
111  10.59921891 -067.00547767 1
116  10.59897378 -067.00522454  10.59874823 -067.00521612
120 Linear Feature 10
111  10.59911646 -067.00589430 1
116  10.59920485 -067.00580550  10.59920929 -067.00572191
120 Linear Feature 9
111  10.59919761 -067.00598655 1
116  10.59911646 -067.00589430  10.59905118 -067.00589296
120 Linear Feature 8
111  10.59875390 -067.00647651 22
111  10.59844110 -067.01244353 22
112  10.59835733 -067.01251495  10.59826869 -067.01251117 22
111  10.59826869 -067.01251117 22
115  10.59779042 -067.01248983
120 Linear Feature 7
111  10.59778929 -067.01251297 20
111  10.59839522 -067.01253538 20
112  10.59846959 -067.01244852  10.59847510 -067.01235886 20
111  10.59847510 -067.01235886 20
115  10.59878390 -067.00647731
120 Linear Feature 6
111  10.59872345 -067.00647631 20
111  10.59841726 -067.01244852 20
112  10.59835666 -067.01249896  10.59829056 -067.01249335 20
115  10.59778929 -067.01246533
120 Linear Feature 3
111  10.59906100 -067.00736910 1
116  10.59914259 -067.00730313  10.59914559 -067.00724642
120 Linear Feature 4
111  10.59903496 -067.00789225 1
116  10.59912215 -067.00779004  10.59912559 -067.00768138
120 Linear Feature 3
111  10.59911286 -067.00801414 1
116  10.59903496 -067.00789225  10.59896261 -067.00788874
120 Linear Feature 2
111  10.59899260 -067.00843429 1
116  10.59910004 -067.00832339  10.59910411 -067.00820748
120 Linear Feature 1
111  10.59909145 -067.00852415 1
116  10.59899260 -067.00843429  10.59890715 -067.00843222
120 Linear Feature 10
111  10.59899292 -067.00922687 1
116  10.59906458 -067.00916742  10.59906729 -067.00910859
120 Linear Feature 9
111  10.59905884 -067.00930539 1
116  10.59899292 -067.00922687  10.59893265 -067.00922522
120 Linear Feature 8
111  10.59900070 -067.00977776 1
116  10.59904140 -067.00972370  10.59904460 -067.00966913
120 Linear Feature 7
111  10.59903673 -067.00983362 1
116  10.59900070 -067.00977776  10.59896785 -067.00977507
120 Linear Feature 6
111  10.59892332 -067.01028537 1
116  10.59902319 -067.01015870  10.59903145 -067.01002250
120 Linear Feature 5
111  10.59901248 -067.01041600 1
116  10.59892332 -067.01028537  10.59883767 -067.01027851
120 Linear Feature 4
111  10.59899969 -067.01071169 1
116  10.59887172 -067.01082076  10.59876235 -067.01081697
120 Linear Feature 3
111  10.59898942 -067.01097077 1
116  10.59887172 -067.01082076  10.59876235 -067.01081697
120 Linear Feature 294
111  10.60409637 -066.98690158 4 103
115  10.60383234 -066.98674429
120 Linear Feature 293
111  10.59829795 -066.99876120 22
111  10.59885800 -066.99879420 22
112  10.59888179 -066.99887560  10.59887963 -066.99895260 22
115  10.59879097 -067.00238536
120 Linear Feature 292
111  10.59882989 -067.00239089 20
111  10.59890990 -066.99876341 20
115  10.59829795 -066.99873041
120 Linear Feature 291
111  10.59829362 -066.99879640 20
111  10.59879530 -066.99882280 20
112  10.59884935 -066.99887340  10.59884719 -066.99893940 20
111  10.59882989 -066.99954877 20
115  10.59875205 -067.00238649
120 Linear Feature 2
111  10.59880206 -067.01167534 1
116  10.59896550 -067.01151985  10.59897634 -067.01136025
120 Linear Feature 1
111  10.59895226 -067.01184973 1
116  10.59880206 -067.01167534  10.59863513 -067.01166861
120 Linear Feature 287
111  10.59810494 -066.99519431 1
115  10.59741539 -066.99541398
120 Linear Feature 286
111  10.59815369 -066.99536083 1
115  10.59746067 -066.99558050
120 Linear Feature 285
111  10.59818852 -066.99554152 1
115  10.59753032 -066.99576119
120 Linear Feature 284
111  10.60279834 -066.97681711 1
116  10.60270724 -066.97672523  10.60257197 -066.97679551
120 Linear Feature 283
111  10.60198833 -066.98001060 1
116  10.60187377 -066.97985473  10.60168044 -066.97995528
120 Linear Feature 282
111  10.60209150 -066.97960234 1
116  10.60187377 -066.97985473  10.60170914 -066.97992881
120 Linear Feature 281
111  10.60117551 -066.98327829 1
116  10.60103756 -066.98306810  10.60079095 -066.98323719
120 Linear Feature 280
111  10.60103756 -066.98306810 1
116  10.60130597 -066.98276376  10.60134425 -066.98259262
120 Linear Feature 279
111  10.60117523 -066.98241450 1
116  10.60148177 -066.98207583  10.60154124 -066.98185562
120 Linear Feature 278
111  10.60117523 -066.98241450 1
116  10.60135333 -066.98258643  10.60126770 -066.98293490
120 Linear Feature 277
111  10.60155254 -066.98146401 1
116  10.60167611 -066.98130761  10.60170166 -066.98121162
120 Linear Feature 276
111  10.60161124 -066.98156961 1
116  10.60155254 -066.98146401  10.60148374 -066.98152801
120 Linear Feature 275
111  10.60175106 -066.98101694 1
116  10.60157804 -066.98077928  10.60134436 -066.98093907
120 Linear Feature 274
111  10.60241929 -066.97758046 1
116  10.60265110 -066.97738575  10.60268244 -066.97725466
120 Linear Feature 273
111  10.60241929 -066.97758046 1
116  10.60255859 -066.97774344  10.60252028 -066.97790996
120 Linear Feature 272
111  10.60225387 -066.97835025 1
116  10.60243639 -066.97821464  10.60248986 -066.97812125
120 Linear Feature 271
111  10.60236484 -066.97849598 1
116  10.60225387 -066.97835025  10.60208037 -066.97842927
120 Linear Feature 270
111  10.60208133 -066.97902958 1
116  10.60228330 -066.97882257  10.60231731 -066.97866818
120 Linear Feature 269
111  10.60218744 -066.97920812 1
116  10.60208133 -066.97902958  10.60192172 -066.97912274
120 Linear Feature 268
111  10.60264688 -066.97566976 1
115  10.60223898 -066.97556130
120 Linear Feature 267
111  10.60262370 -066.97581123 1
115  10.60219726 -066.97571692
120 Linear Feature 266
111  10.60258662 -066.97598100 1
115  10.60216945 -066.97587725
120 Linear Feature 265
111  10.60254490 -066.97618849 1
115  10.60210455 -066.97608003
120 Linear Feature 264
111  10.60287875 -066.97648001 1
112  10.60270724 -066.97672523  10.60258209 -066.97680068 1
115  10.60211856 -066.97700818
120 Linear Feature 263
111  10.60039512 -066.98353496 1
115  10.60103756 -066.98306810
120 Linear Feature 262
111  10.60054808 -066.98288655 1
115  10.60117523 -066.98241450
120 Linear Feature 261
111  10.60071634 -066.98212279 1
115  10.60155254 -066.98146401
120 Linear Feature 260
111  10.60104266 -066.98115277 1
111  10.60157804 -066.98077928 1
116  10.60192438 -066.98026596  10.60196517 -066.98009997
120 Linear Feature 259
111  10.60187377 -066.97985473 1
115  10.60126191 -066.98015040
120 Linear Feature 258
111  10.60142983 -066.97939550 1
115  10.60208133 -066.97902958
120 Linear Feature 257
111  10.60225387 -066.97835025 1
115  10.60162759 -066.97865453
120 Linear Feature 256
111  10.60241929 -066.97758046 1
115  10.60179585 -066.97792831
120 Linear Feature 255
111  10.60010964 -066.98570015 20
111  10.60043596 -066.98435664 20
111  10.60061952 -066.98432552 20
111  10.60094074 -066.98299757 20
111  10.60169549 -066.98009904 20
111  10.60257596 -066.97661394 20
115  10.60293797 -066.97638768
120 Linear Feature 254
111  10.59901757 -066.98534781 20
115  10.59986877 -066.98557502
120 Linear Feature 253
111  10.59947688 -066.98720408 20
115  10.59906392 -066.98709262
120 Linear Feature 252
111  10.59934412 -066.98788746 22
116  10.59925027 -066.98772153  10.59917675 -066.98769733
120 Linear Feature 251
111  10.59789871 -066.98735635 22
111  10.59925027 -066.98772153 22
116  10.59940380 -066.98764454  10.59943840 -066.98754994
120 Linear Feature 250
111  10.59934412 -066.98788746 22
116  10.59926832 -066.98766688  10.59916020 -066.98763168
120 Linear Feature 249
111  10.59790952 -066.98730575 22
111  10.59926832 -066.98766688 22
116  10.59940490 -066.98764454  10.59942869 -066.98758294
120 Linear Feature 248
111  10.59925892 -066.98769733 20
115  10.59789868 -066.98732995
120 Linear Feature 247
111  10.59791598 -066.98728375 20
111  10.59926541 -066.98764014 20
116  10.59938218 -066.98759614  10.59942759 -066.98753014
120 Linear Feature 246
111  10.59931188 -066.98787773 20
112  10.59924269 -066.98774133  10.59914970 -066.98771493 20
111  10.59834746 -066.98751034 20
115  10.59788354 -066.98737835
120 Linear Feature 245
111  10.59828052 -066.98854992 1
111  10.59764733 -066.98838302 1
112  10.59749807 -066.98856457  10.59743763 -066.98878417 1
111  10.59736568 -066.98911504 1
111  10.59731387 -066.98934636 1
112  10.59739734 -066.98948105  10.59752685 -066.98951326 1
115  10.59773384 -066.98956989
120 Linear Feature 244
111  10.59926731 -066.98863194 1
116  10.59942084 -066.98856154  10.59944462 -066.98847794
120 Linear Feature 243
111  10.59936968 -066.98876732 1
112  10.59926731 -066.98863194  10.59914838 -066.98860114 1
115  10.59913108 -066.98859674
120 Linear Feature 242
112  10.59955627 -066.99002197  10.59951796 -066.99000638 1
116  10.59885626 -066.98988167  10.59874134 -066.98986998
120 Linear Feature 241
111  10.59915849 -066.98958742 1
116  10.59885626 -066.98988167  10.59861492 -066.98980373
120 Linear Feature 240
111  10.59883328 -066.98973747 1
115  10.59759976 -066.98941790
120 Linear Feature 239
111  10.59878347 -066.98992844 1
115  10.59753847 -066.98958938
120 Linear Feature 238
111  10.59909760 -066.99025971 1
112  10.59885626 -066.98988167  10.59859960 -066.98981152 1
115  10.59773384 -066.98956989
120 Linear Feature 237
111  10.59827131 -066.99105772 1
115  10.59805640 -066.99119919
120 Linear Feature 236
111  10.59859578 -066.99227523 1
112  10.59843986 -066.99166219  10.59829238 -066.99137496 1
111  10.59829659 -066.99138353 1
115  10.59815332 -066.99112632
120 Linear Feature 233
111  10.59821396 -066.99261989 1
115  10.59762264 -066.99261021
120 Linear Feature 232
111  10.59855410 -066.99247228 1
116  10.59821396 -066.99261989  10.59800464 -066.99263199
120 Linear Feature 231
112  10.59848866 -066.99278052  10.59848390 -066.99277326 1
116  10.59821396 -066.99261989  10.59806649 -066.99261747
120 Linear Feature 230
111  10.59821147 -066.99303647 1
115  10.59759472 -066.99304010
120 Linear Feature 229
111  10.59821193 -066.99303661 1
116  10.59845693 -066.99292045  10.59847596 -066.99286479
120 Linear Feature 228
111  10.59839728 -066.99320072 1
116  10.59821193 -066.99303661  10.59805019 -066.99303661
120 Linear Feature 227
111  10.59767961 -066.99371001 1
111  10.59753308 -066.99367274 1
112  10.59744936 -066.99372332  10.59742581 -066.99380850 1
115  10.59741534 -066.99385375
120 Linear Feature 226
111  10.59825000 -066.99385907 1
111  10.59767961 -066.99371001 1
112  10.59761158 -066.99373929  10.59759850 -066.99379253 1
115  10.59756187 -066.99389634
120 Linear Feature 223
111  10.59780712 -066.99484537 1
116  10.59809679 -066.99455758  10.59814674 -066.99435673
120 Linear Feature 222
111  10.59808304 -066.99507768 1
112  10.59780712 -066.99484537  10.59763110 -066.99480182 1
115  10.59723387 -066.99470018
120 Linear Feature 221
111  10.59806270 -066.99346641 1
116  10.59836270 -066.99335702  10.59840195 -066.99328515
120 Linear Feature 220
111  10.59827562 -066.99375362 1
112  10.59806270 -066.99346641  10.59789525 -066.99342648 1
115  10.59757080 -066.99334130
120 Linear Feature 219
111  10.60400131 -066.96986346 20
111  10.60441288 -066.96999816 20
112  10.60446468 -066.97024998  10.60440136 -066.97043445 20
111  10.60424595 -066.97087952 20
111  10.60415672 -066.97163407 20
111  10.60421141 -066.97260035 20
111  10.60402721 -066.97365610 20
112  10.60391208 -066.97388742  10.60381998 -066.97399869 20
111  10.60381423 -066.97400162 20
111  10.60357534 -066.97427101 20
112  10.60344295 -066.97438521  10.60339402 -066.97445255 20
112  10.60330768 -066.97465459  10.60327889 -066.97474244 20
111  10.60286128 -066.97616433 20
112  10.60265981 -066.97635466  10.60251015 -066.97636637 20
111  10.60216916 -066.97643372 20
112  10.60209144 -066.97654206  10.60205691 -066.97666504 20
111  10.60114604 -066.98024698 20
111  10.60055355 -066.98266392 20
111  10.60012857 -066.98453388 20
111  10.59990608 -066.98589783 20
111  10.59890857 -066.98974660 20
111  10.59831759 -066.99209471 20
112  10.59816252 -066.99228248  10.59804032 -066.99234250 20
112  10.59783047 -066.99242052  10.59776305 -066.99246768 20
115  10.59756078 -066.99254913
120 Linear Feature 218
111  10.59760962 -066.99243181 20
111  10.59779800 -066.99233887 20
112  10.59798843 -066.99226500  10.59800151 -066.99226500 20
112  10.59823234 -066.99207778  10.59826897 -066.99196598 20
111  10.59831607 -066.99178497 20
111  10.59981471 -066.98592033 20
112  10.60001698 -066.98464280  10.60003805 -066.98445417 20
111  10.60051000 -066.98239329 20
111  10.60203539 -066.97642748 20
112  10.60214188 -066.97633085  10.60223973 -066.97631914 20
111  10.60223973 -066.97631914 20
111  10.60261595 -066.97626350 20
112  10.60278576 -066.97612002  10.60281454 -066.97599997 20
111  10.60281454 -066.97599997 20
111  10.60323475 -066.97462173 20
112  10.60348077 -066.97424160  10.60362756 -066.97413325 20
112  10.60382902 -066.97385216  10.60387507 -066.97379652 20
111  10.60396430 -066.97353006 20
111  10.60414274 -066.97262020 20
111  10.60409669 -066.97166081 20
112  10.60417152 -066.97084679  10.60422621 -066.97073552 20
111  10.60422908 -066.97068282 20
111  10.60436395 -066.97028218 20
112  10.60430926 -066.97003329  10.60416824 -066.96998644 20
115  10.60398691 -066.96993959
120 Linear Feature 217
111  10.59757654 -066.99250551 22
111  10.59782332 -066.99237998 22
112  10.59806041 -066.99228747  10.59813927 -066.99225393 22
112  10.59827616 -066.99210307  10.59830054 -066.99203930 22
111  10.59845725 -066.99142282 22
111  10.59918886 -066.98848479 22
111  10.59985276 -066.98593406 22
112  10.60004401 -066.98477289  10.60004401 -066.98465364 22
112  10.60014273 -066.98417662  10.60015506 -066.98415151 22
111  10.60083318 -066.98130535 22
111  10.60141258 -066.97900526 22
111  10.60194933 -066.97696536 22
111  10.60207010 -066.97645369 22
112  10.60223051 -066.97636581  10.60239709 -066.97635326 22
111  10.60263770 -066.97630933 22
112  10.60281662 -066.97615869  10.60285364 -066.97603315 22
111  10.60329784 -066.97458952 22
112  10.60351995 -066.97426941  10.60364951 -066.97418154 22
112  10.60397032 -066.97372334  10.60400117 -066.97361664 22
112  10.60418008 -066.97260739  10.60418008 -066.97258229 22
111  10.60412215 -066.97165550 22
112  10.60420235 -066.97087092  10.60424554 -066.97072028 22
112  10.60438127 -066.97033113  10.60438127 -066.97032485 22
112  10.60435042 -066.97001102  10.60417767 -066.96994825 22
115  10.60399876 -066.96990431
120 Linear Feature 216
111  10.59956612 -067.00239238 20
111  10.60087198 -067.00243338 20
112  10.60093818 -067.00236896  10.60094106 -067.00230162 20
111  10.60094106 -067.00230161 20
111  10.60103312 -066.99952982 20
112  10.60094106 -066.99941960  10.60086623 -066.99941667 20
111  10.59973662 -066.99938546 20
114  10.59963978 -066.99953279  10.59963402 -066.99964698 20
120 Linear Feature 215
111  10.59803096 -067.00244442 20
111  10.60092099 -067.00252726 20
112  10.60101614 -067.00243531  10.60102089 -067.00234093 20
111  10.60102089 -067.00234093 20
111  10.60111020 -066.99954659 20
112  10.60096339 -066.99932795  10.60079646 -066.99931917 20
111  10.60079359 -066.99931917 20
111  10.59972580 -066.99928403 20
112  10.59955242 -066.99950949  10.59954091 -066.99974081 20
111  10.59954091 -066.99974081 20
111  10.59946320 -067.00240117 20
115  10.59803358 -067.00237482
120 Linear Feature 214
111  10.59803558 -067.00241754 22
111  10.60092587 -067.00247171 22
112  10.60097299 -067.00240725  10.60097461 -067.00233949 22
111  10.60097461 -067.00233949 22
111  10.60106009 -067.00006312 22
111  10.60106502 -066.99958285 22
111  10.60106502 -066.99947139 22
112  10.60097231 -066.99937708  10.60086697 -066.99937708 22
111  10.59972464 -066.99933297 22
112  10.59959949 -066.99954046  10.59959022 -066.99976681 22
111  10.59949751 -067.00228500 22
115  10.59949287 -067.00245292
120 Linear Feature 213
111  10.59803380 -067.00642610 22
115  10.60146707 -067.00646855
120 Linear Feature 212
111  10.60146561 -067.00640660 20
115  10.59803452 -067.00638731
120 Linear Feature 211
111  10.60147120 -067.00651879 20
111  10.59812627 -067.00646692 20
115  10.59802939 -067.00646692
120 Linear Feature 210
111  10.60035255 -066.99921806 1
116  10.60009982 -066.99897816  10.59989288 -066.99897332
120 Linear Feature 209
111  10.59906081 -067.00003556 1
112  10.59920916 -066.99998250  10.59925634 -066.99991250 1
116  10.59929703 -066.99994286  10.59930686 -066.99994286
120 Linear Feature 208
111  10.59904842 -066.99960459 1
116  10.59928018 -066.99957846  10.59937650 -066.99955446
120 Linear Feature 207
111  10.59919764 -066.99980751 1
116  10.59928018 -066.99957846  10.59935518 -066.99955980
120 Linear Feature 206
111  10.59928018 -066.99957846 1
116  10.59920939 -066.99945550  10.59920349 -066.99936350
120 Linear Feature 205
111  10.59919764 -066.99980751 1
116  10.59929703 -066.99994286  10.59937566 -066.99994886
120 Linear Feature 204
111  10.59929703 -066.99994286 1
116  10.59918788 -067.00013202  10.59916823 -067.00035401
120 Linear Feature 203
111  10.59906081 -067.00003556 1
116  10.59919336 -066.99995276  10.59920190 -066.99986707
120 Linear Feature 202
111  10.59906081 -067.00003556 1
116  10.59918788 -067.00013202  10.59918910 -067.00024626
120 Linear Feature 201
112  10.59917467 -067.00056973  10.59917825 -067.00057519 1
116  10.59927685 -067.00068417  10.59934655 -067.00069690
120 Linear Feature 200
111  10.59916784 -067.00076598 1
116  10.59927685 -067.00068417  10.59935191 -067.00068417
120 Linear Feature 199
111  10.59902468 -067.00066497 1
115  10.59927685 -067.00068417
120 Linear Feature 198
111  10.59925370 -067.00184312 1
116  10.59913554 -067.00180070  10.59908235 -067.00175031
120 Linear Feature 197
111  10.59927175 -067.00108320 1
116  10.59905948 -067.00103011  10.59893293 -067.00103197
120 Linear Feature 196
111  10.59928742 -067.00146904 1
116  10.59914290 -067.00143770  10.59907871 -067.00139758
120 Linear Feature 195
111  10.59906091 -067.00143490 1
116  10.59914904 -067.00135994  10.59914835 -067.00131928
120 Linear Feature 194
111  10.59914352 -067.00151996 1
116  10.59906160 -067.00143560  10.59898030 -067.00143349
120 Linear Feature 193
111  10.59928742 -067.00146904 1
116  10.59914904 -067.00135994  10.59914904 -067.00124548
120 Linear Feature 192
111  10.59967549 -067.00287896 1
116  10.59928337 -067.00277522  10.59915828 -067.00272795
120 Linear Feature 191
111  10.59919711 -067.00239067 1
116  10.59894334 -067.00275974  10.59861273 -067.00275793
120 Linear Feature 190
111  10.59933172 -067.00307203 1
116  10.59894334 -067.00275974  10.59870208 -067.00274338
120 Linear Feature 189
111  10.59906895 -067.00179778 1
116  10.59913922 -067.00166577  10.59914815 -067.00154395
120 Linear Feature 188
111  10.59913347 -067.00189304 1
116  10.59906895 -067.00179778  10.59901314 -067.00179428
120 Linear Feature 187
111  10.59915375 -067.00116789 1
116  10.59927175 -067.00108320  10.59932952 -067.00108040
120 Linear Feature 186
111  10.59927175 -067.00108320 1
116  10.59916299 -067.00092358  10.59916024 -067.00082655
120 Linear Feature 185
111  10.59905948 -067.00103011 1
116  10.59916299 -067.00092358  10.59916549 -067.00082509
120 Linear Feature 184
111  10.59905948 -067.00103011 1
116  10.59915375 -067.00116789  10.59915375 -067.00131137
120 Linear Feature 183
111  10.59913922 -067.00166577 1
116  10.59928742 -067.00146904  10.59945723 -067.00146611
120 Linear Feature 182
111  10.60004817 -067.00491194 1
116  10.59977296 -067.00462211  10.59957411 -067.00462211
120 Linear Feature 181
111  10.60000080 -067.00607941 1
116  10.59979658 -067.00590981  10.59964521 -067.00590321
120 Linear Feature 180
111  10.60004206 -067.00514337 1
116  10.59978976 -067.00525144  10.59958849 -067.00525144
120 Linear Feature 179
111  10.59978976 -067.00525144 1
116  10.60003048 -067.00544247  10.60002281 -067.00563734
120 Linear Feature 178
111  10.60001672 -067.00572054 1
116  10.59979658 -067.00590981  10.59962419 -067.00590981
120 Linear Feature 177
111  10.59979857 -067.00335930 1
116  10.60008616 -067.00322370  10.60009250 -067.00308315
120 Linear Feature 176
111  10.60007785 -067.00356195 1
116  10.59979857 -067.00335930  10.59966667 -067.00335930
120 Linear Feature 175
111  10.59977296 -067.00462211 1
116  10.59980550 -067.00399429  10.59923880 -067.00364965
120 Linear Feature 174
111  10.59980550 -067.00399429 1
116  10.60007144 -067.00375594  10.60008094 -067.00361744
120 Linear Feature 173
111  10.60007980 -067.00336467 1
116  10.60032444 -067.00362527  10.60042806 -067.00365455
120 Linear Feature 172
111  10.60006829 -067.00391223 1
116  10.60032444 -067.00362527  10.60042230 -067.00363113
120 Linear Feature 171
111  10.60001672 -067.00572054 1
116  10.60029972 -067.00545582  10.60041686 -067.00545582
120 Linear Feature 170
111  10.60004011 -067.00525935 1
116  10.60029972 -067.00545582  10.60046118 -067.00548803
120 Linear Feature 169
111  10.60004206 -067.00514337 1
116  10.60029656 -067.00485352  10.60051184 -067.00484385
120 Linear Feature 168
111  10.60005689 -067.00462773 1
116  10.60028706 -067.00485030  10.60040420 -067.00487606
120 Linear Feature 167
111  10.60033376 -067.00424177 1
116  10.60007079 -067.00400054  10.60002631 -067.00376097
120 Linear Feature 166
111  10.60005709 -067.00452445 1
116  10.60033376 -067.00424177  10.60048290 -067.00424177
120 Linear Feature 165
111  10.60001235 -067.00580465 1
116  10.60026560 -067.00607173  10.60043829 -067.00610101
120 Linear Feature 164
111  10.60010708 -067.00718548 1
116  10.59995456 -067.00705167  10.59994410 -067.00695850
120 Linear Feature 163
111  10.59994141 -067.00733643 1
116  10.60010708 -067.00718548  10.60017249 -067.00718548
120 Linear Feature 162
111  10.59992509 -067.00765648 1
116  10.60008205 -067.00781587  10.60018147 -067.00783184
120 Linear Feature 161
111  10.59991042 -067.00796591 1
116  10.60008205 -067.00781587  10.60015007 -067.00781587
120 Linear Feature 160
111  10.59998838 -067.00633296 1
116  10.60026560 -067.00607173  10.60043625 -067.00606818
120 Linear Feature 159
111  10.60021971 -067.00669939 1
116  10.59998252 -067.00644049  10.59995657 -067.00629970
120 Linear Feature 158
111  10.59995853 -067.00696633 1
116  10.60021971 -067.00669939  10.60043141 -067.00670665
120 Linear Feature 157
111  10.59970857 -067.00688743 1
116  10.59997822 -067.00653195  10.59998665 -067.00632189
120 Linear Feature 156
111  10.59967065 -067.00738872 1
116  10.59971279 -067.00688743  10.59915234 -067.00659163
120 Linear Feature 155
111  10.59964847 -067.00791784 1
116  10.59967065 -067.00739301  10.59908492 -067.00716151
120 Linear Feature 154
111  10.59962457 -067.00845908 1
116  10.59964847 -067.00791784  10.59907023 -067.00764899
120 Linear Feature 153
111  10.59954809 -067.00924163 1
116  10.59962457 -067.00845908  10.59902539 -067.00809174
120 Linear Feature 152
111  10.59950730 -067.00979666 1
116  10.59954809 -067.00924163  10.59887303 -067.00893817
120 Linear Feature 151
111  10.59952605 -067.01031095 1
116  10.59950730 -067.00979666  10.59883760 -067.00950438
120 Linear Feature 150
111  10.59950985 -067.01084832 1
112  10.59978746 -067.01058613  10.59980371 -067.01046443 1
116  10.59952605 -067.01030966  10.59947288 -067.01030515
120 Linear Feature 149
111  10.59951239 -067.01084967 1
116  10.59976088 -067.01112329  10.59978008 -067.01128707
120 Linear Feature 148
111  10.59798786 -067.00920013 1
115  10.59954809 -067.00924163
120 Linear Feature 147
111  10.59950730 -067.00979666 1
115  10.59797766 -067.00973960
120 Linear Feature 146
111  10.59799296 -067.01024795 1
115  10.59952605 -067.01030966
120 Linear Feature 145
111  10.59950985 -067.01084832 1
115  10.59797256 -067.01078224
120 Linear Feature 144
111  10.59826829 -067.00520149 1
115  10.60004011 -067.00525935
120 Linear Feature 143
111  10.59829378 -067.00587583 1
115  10.60000709 -067.00591431
120 Linear Feature 142
111  10.59814592 -067.00679916 1
115  10.59971279 -067.00688743
120 Linear Feature 141
111  10.59803884 -067.00839684 1
115  10.59962457 -067.00845908
120 Linear Feature 140
111  10.59964847 -067.00791784 1
115  10.59807454 -067.00785218
120 Linear Feature 139
111  10.59967065 -067.00739301 1
115  10.59815102 -067.00733345
120 Linear Feature 138
111  10.59828740 -067.00000170 1
115  10.59906081 -067.00003556
120 Linear Feature 137
111  10.59905948 -067.00103011 1
115  10.59823317 -067.00102044
120 Linear Feature 136
111  10.59825164 -067.00141161 1
115  10.59914647 -067.00143752
120 Linear Feature 135
111  10.59826048 -067.00176406 1
115  10.59913554 -067.00180070
120 Linear Feature 134
111  10.59819832 -067.00273130 1
115  10.59928337 -067.00277522
120 Linear Feature 133
111  10.59913922 -067.00166577 1
116  10.59925369 -067.00184285  10.59936770 -067.00184485
120 Linear Feature 132
111  10.59925369 -067.00184285 1
116  10.59913813 -067.00198858  10.59914223 -067.00208545
120 Linear Feature 131
111  10.59913341 -067.00185161 1
116  10.59927460 -067.00222576  10.59939058 -067.00223976
120 Linear Feature 130
111  10.59927460 -067.00222576 1
116  10.59919856 -067.00239202  10.59921232 -067.00258001
120 Linear Feature 129
111  10.59913341 -067.00185161 1
116  10.59901887 -067.00223111  10.59889306 -067.00223311
120 Linear Feature 128
111  10.59826731 -067.00221399 1
111  10.59901887 -067.00223111 1
116  10.59919856 -067.00239202  10.59925334 -067.00254635
120 Linear Feature 127
111  10.59925370 -067.00184312 1
115  10.60120044 -067.00188918
120 Linear Feature 126
111  10.60119696 -067.00228245 1
115  10.59927460 -067.00222576
120 Linear Feature 125
111  10.60121013 -067.00151191 1
115  10.59928742 -067.00146904
120 Linear Feature 124
111  10.59928018 -066.99957846 1
115  10.60125227 -066.99962991
120 Linear Feature 123
111  10.60124384 -066.99999430 1
115  10.59929703 -066.99994286
120 Linear Feature 122
111  10.60121856 -067.00115180 1
115  10.59927175 -067.00108320
120 Linear Feature 121
111  10.60123963 -067.00038871 1
115  10.60032482 -067.00036019
120 Linear Feature 120
111  10.60123120 -067.00074882 1
115  10.59927685 -067.00068417
120 Linear Feature 119
111  10.59918456 -067.00022805 1
116  10.59926961 -067.00031413  10.59934224 -067.00031927
120 Linear Feature 118
111  10.60032482 -067.00036019 1
111  10.59926961 -067.00031413 1
116  10.59917906 -067.00041688  10.59915817 -067.00051254
120 Linear Feature 117
111  10.59902468 -067.00066497 1
116  10.59917467 -067.00056973  10.59919383 -067.00047620
120 Linear Feature 116
111  10.59916784 -067.00076598 1
112  10.59902468 -067.00066497  10.59889443 -067.00066887 1
115  10.59828534 -067.00064159
120 Linear Feature 115
111  10.59904842 -066.99960459 1
116  10.59920939 -066.99945550  10.59921359 -066.99931388
120 Linear Feature 114
111  10.59904842 -066.99960459 1
116  10.59919764 -066.99980751  10.59919447 -066.99999754
120 Linear Feature 113
111  10.59831392 -066.99958204 1
115  10.59904842 -066.99960459
120 Linear Feature 112
111  10.59921359 -066.99931388 1
116  10.59911129 -066.99915323  10.59904040 -066.99915474
120 Linear Feature 111
111  10.59834184 -066.99911079 1
111  10.59911129 -066.99915323 1
116  10.59926693 -066.99905992  10.59932256 -066.99899390
120 Linear Feature 110
111  10.59814455 -067.00459125 1
115  10.60005689 -067.00462773
120 Linear Feature 109
111  10.60007079 -067.00400054 1
115  10.59815179 -067.00394867
120 Linear Feature 108
111  10.60007980 -067.00336467 1
115  10.59820144 -067.00333124
120 Linear Feature 107
111  10.60032444 -067.00362527 1
115  10.60156579 -067.00366121
120 Linear Feature 106
111  10.60033376 -067.00424177 1
115  10.60155050 -067.00426812
120 Linear Feature 105
111  10.60143832 -067.00487865 1
115  10.60029656 -067.00485352
120 Linear Feature 104
111  10.60021971 -067.00669939 1
115  10.60143322 -067.00669939
120 Linear Feature 103
111  10.60029972 -067.00545582 1
115  10.60147911 -067.00548038
120 Linear Feature 102
111  10.60026560 -067.00607173 1
115  10.60145872 -067.00609248
120 Linear Feature 101
111  10.60010708 -067.00718548 1
115  10.60128536 -067.00724009
120 Linear Feature 100
111  10.60008205 -067.00781587 1
115  10.60131085 -067.00782625
120 Linear Feature 99
111  10.60007074 -067.01100069 1
115  10.59997404 -067.01105922
120 Linear Feature 98
111  10.60007324 -067.01107194 1
115  10.59997654 -067.01098882
120 Linear Feature 97
111  10.60011159 -067.01102529 1
112  10.60004490 -067.01111350  10.59998237 -067.01111350 1
112  10.59994986 -067.01107194  10.59994069 -067.01104480 1
112  10.59997987 -067.01094980  10.60003239 -067.01093539 1
114  10.60008742 -067.01097270  10.60010159 -067.01099391 1
120 Linear Feature 96
111  10.59972591 -067.01201916 1
116  10.59946050 -067.01170225  10.59928520 -067.01169160
120 Linear Feature 95
111  10.59974793 -067.01141689 1
116  10.59946050 -067.01170225  10.59935629 -067.01169716
120 Linear Feature 94
111  10.59863993 -067.01230186 1
116  10.59894731 -067.01203655  10.59896189 -067.01183816
120 Linear Feature 93
111  10.59946050 -067.01170225 1
115  10.59789684 -067.01163848
120 Linear Feature 92
111  10.59908298 -067.01232936 1
115  10.59791823 -067.01225799
120 Linear Feature 91
111  10.59953549 -067.01238894 1 101
116  10.59972786 -067.01211781  10.59973134 -067.01191940
120 Linear Feature 90
111  10.60232100 -066.99952725 1
115  10.60241996 -066.99953477
120 Linear Feature 89
111  10.60223091 -066.99931088 1
115  10.60223829 -066.99919969
120 Linear Feature 88
111  10.60226488 -066.99933943 1
115  10.60230919 -066.99924927
120 Linear Feature 87
111  10.60230476 -066.99939653 1
115  10.60236236 -066.99934093
120 Linear Feature 86
111  10.60232343 -066.99946132 1
115  10.60239928 -066.99943560
120 Linear Feature 85
111  10.60232157 -067.00258497 1
115  10.60224034 -067.00256183
120 Linear Feature 84
111  10.60225171 -067.00270232 1
115  10.60218023 -067.00263952
120 Linear Feature 83
111  10.60152393 -066.99943737 1
115  10.60137513 -066.99938261
120 Linear Feature 82
111  10.60158408 -066.99932464 1
115  10.60152076 -066.99919580
120 Linear Feature 81
111  10.60154609 -066.99937939 1
115  10.60142895 -066.99927310
120 Linear Feature 80
111  10.60136630 -066.99999216 1
115  10.60150192 -066.99999590
120 Linear Feature 79
111  10.60135321 -067.00027698 1
115  10.60149450 -067.00027432
120 Linear Feature 78
111  10.60136630 -066.99969668 1
115  10.60150497 -066.99969668
120 Linear Feature 77
111  10.60134275 -067.00055945 1
115  10.60148665 -067.00056212
120 Linear Feature 76
111  10.60133751 -067.00084428 1
115  10.60148142 -067.00084960
120 Linear Feature 75
111  10.60132705 -067.00113177 1
115  10.60146834 -067.00113975
120 Linear Feature 74
111  10.60146572 -067.00142191 1
115  10.60132443 -067.00141393
120 Linear Feature 73
111  10.60145525 -067.00171770 1
115  10.60131920 -067.00171237
120 Linear Feature 72
111  10.60130873 -067.00199986 1
115  10.60144479 -067.00200784
120 Linear Feature 71
111  10.60130565 -067.00228439 1
115  10.60144260 -067.00228712
120 Linear Feature 70
111  10.60135130 -067.00260819 1
115  10.60149497 -067.00255491
120 Linear Feature 69
111  10.60148557 -067.00273796 1
115  10.60157015 -067.00265053
120 Linear Feature 68
111  10.60163799 -067.00278986 1
115  10.60165948 -067.00268468
120 Linear Feature 67
111  10.60179240 -067.00269561 1
115  10.60178971 -067.00279396
120 Linear Feature 66
111  10.60212135 -067.00267785 1
115  10.60214015 -067.00277347
120 Linear Feature 65
111  10.60198891 -067.00270426 1
115  10.60198833 -067.00279771
120 Linear Feature 64
111  10.60221275 -067.00334101 1
115  10.60231301 -067.00334501
120 Linear Feature 63
111  10.60198079 -067.00320901 1
115  10.60198668 -067.00309102
120 Linear Feature 62
111  10.60210070 -067.00322501 1
115  10.60213805 -067.00311901
120 Linear Feature 61
111  10.60217737 -067.00328301 1
115  10.60225207 -067.00321301
120 Linear Feature 60
111  10.60270194 -067.00269785 1
115  10.60279777 -067.00263730
120 Linear Feature 59
112  10.60266260 -067.00255417  10.60266360 -067.00255417 1
115  10.60276145 -067.00254802
120 Linear Feature 58
111  10.60285830 -067.00270301 1
115  10.60280584 -067.00278819
120 Linear Feature 57
111  10.60295276 -067.00275510 1
115  10.60295211 -067.00281487
120 Linear Feature 56
111  10.60292523 -067.00325603 1
115  10.60292798 -067.00315860
120 Linear Feature 55
111  10.60282188 -067.00328898 1
115  10.60277296 -067.00318664
120 Linear Feature 54
111  10.60264756 -067.00333945 1
115  10.60273162 -067.00338571
120 Linear Feature 53
111  10.60275504 -067.00334576 1
115  10.60268339 -067.00326585
120 Linear Feature 37
111  10.60474078 -066.97160766 4 103
115  10.60446950 -066.97180165
120 Linear Feature 34
111  10.59956522 -066.99002325 1 101
112  10.59923758 -066.98947356  10.59926892 -066.98910155 1 101
115  10.59936968 -066.98876732
120 Linear Feature 33
111  10.60038792 -066.98525136 1 101
116  10.60105082 -066.98501658  10.60144339 -066.98510032
120 Linear Feature 32
111  10.60137058 -066.98509388 1 101
116  10.60196578 -066.98482332  10.60205759 -066.98464295
120 Linear Feature 31
111  10.60173149 -066.98578959 1 101
112  10.60137058 -066.98509388  10.60106981 -066.98501013 1 101
111  10.60105082 -066.98501658 1 101
116  10.60069175 -066.98454238  10.60078357 -066.98424284
120 Linear Feature 30
111  10.60192438 -066.98026596 1 101
116  10.60246246 -066.98072886  10.60301967 -066.98088475
120 Linear Feature 29
111  10.60246246 -066.98072886 1 101
116  10.60305449 -066.98039581  10.60316245 -066.98016552
120 Linear Feature 28
111  10.60281420 -066.98139849 1 101
112  10.60246246 -066.98072886  10.60213858 -066.98065091 1 101
116  10.60175106 -066.98101694  10.60158389 -066.98141021
120 Linear Feature 27
111  10.60419847 -066.97595539 1 101
116  10.60338782 -066.97624874  10.60295250 -066.97617080
120 Linear Feature 26
111  10.59909846 -066.99026714 1 101
112  10.59915849 -066.98958742  10.59921458 -066.98934777 1 101
111  10.59936968 -066.98876732 1 101
111  10.59968172 -066.98756433 1 101
111  10.60038792 -066.98525136 1 101
112  10.60069175 -066.98454238  10.60075745 -066.98431682 1 101
112  10.60105307 -066.98376545  10.60105307 -066.98374874 1 101
111  10.60175106 -066.98101694 1 101
111  10.60192438 -066.98026596 1 101
111  10.60243639 -066.97821464 1 101
111  10.60288691 -066.97647430 1 101
112  10.60338782 -066.97624874  10.60378198 -066.97633228 1 101
116  10.60400344 -066.97684823  10.60399300 -066.97710333
120 Linear Feature 25
111  10.59917704 -066.99591041 1 101
116  10.59948782 -066.99635376  10.59973520 -066.99635860
120 Linear Feature 24
111  10.60055548 -066.99007469 1 101
116  10.59989812 -066.99009184  10.59955258 -066.99000181
120 Linear Feature 23
111  10.59948782 -066.99635376 1 101
112  10.59899058 -066.99668386  10.59889366 -066.99700967 1 101
112  10.59835007 -066.99691535  10.59824473 -066.99649094 1 101
112  10.59823163 -066.99575358  10.59821899 -066.99562926 1 101
111  10.59808304 -066.99507768 1 101
112  10.59809679 -066.99455758  10.59816421 -066.99427893 1 101
111  10.59856874 -066.99240776 1 101
111  10.59909846 -066.99026714 1 101
112  10.59956522 -066.99002325  10.59989812 -066.99009184 1 101
111  10.59990655 -066.99009184 1 101
116  10.60043328 -066.99044337  10.60047121 -066.99072632
120 Linear Feature 22
111  10.60241389 -066.99645810 1 101
116  10.60272653 -066.99620234  10.60274869 -066.99604129
120 Linear Feature 21
111  10.60302223 -066.99647223 1 101
116  10.60272653 -066.99620234  10.60273286 -066.99600909
120 Linear Feature 20
111  10.60270129 -066.99676182 1 101
116  10.60302223 -066.99647223  10.60322168 -066.99647868
120 Linear Feature 19
111  10.60048962 -066.99069950 1 101
116  10.60113285 -066.99044956  10.60145268 -066.99052030
120 Linear Feature 18
111  10.60257905 -066.99073251 1 101
111  10.60203672 -066.99064762 1 101
111  10.60113285 -066.99044956 1 101
116  10.60067503 -066.99001100  10.60073993 -066.98973749
120 Linear Feature 17
111  10.60330749 -066.99074666 1 101
115  10.60257905 -066.99073251
120 Linear Feature 16
111  10.60298695 -066.99041184 1 101
116  10.60257905 -066.99073251  10.60227312 -066.99070893
120 Linear Feature 15
111  10.60294991 -066.99107655 1 101
116  10.60257905 -066.99073251  10.60228703 -066.99068535
120 Linear Feature 14
111  10.60416501 -066.99078439 1 101
116  10.60470734 -066.99044013  10.60476759 -066.99016190
120 Linear Feature 13
111  10.60330749 -066.99074666 1 101
116  10.60298362 -066.99041634  10.60296508 -066.99023714
120 Linear Feature 12
111  10.60467025 -066.99114750 1 101
112  10.60416501 -066.99078439  10.60376174 -066.99075609 1 101
111  10.60374320 -066.99076552 1 101
111  10.60330749 -066.99074666 1 101
116  10.60294991 -066.99107655  10.60283867 -066.99141137
120 Linear Feature 11
111  10.60442477 -066.98610174 1 101
116  10.60492511 -066.98516716  10.60492933 -066.98491422
120 Linear Feature 10
111  10.60270129 -066.99676182 1 101
111  10.60272653 -066.99620234 1 101
111  10.60288670 -066.99267224 1 101
111  10.60294991 -066.99107655 1 101
111  10.60298362 -066.99041634 1 101
111  10.60304262 -066.98896969 1 101
112  10.60328281 -066.98794937  10.60354828 -066.98745636 1 101
111  10.60402445 -066.98671898 1 101
111  10.60442477 -066.98610174 1 101
116  10.60487876 -066.98626893  10.60489562 -066.98716922
120 Linear Feature 9
111  10.60445426 -066.99691187 1 101
116  10.60403819 -066.99650460  10.60372215 -066.99649602
120 Linear Feature 8
111  10.60241389 -066.99645810 1 101
111  10.60302223 -066.99647223 1 101
111  10.60359257 -066.99649602 1 101
111  10.60403819 -066.99650460 1 101
116  10.60445848 -066.99623451  10.60450062 -066.99596872
120 Linear Feature 7
111  10.60112084 -066.99640815 1 101
115  10.60201526 -066.99643924
120 Linear Feature 6
111  10.59948782 -066.99635376 1 101
111  10.60112084 -066.99640815 1 101
116  10.60145439 -066.99686837  10.60147968 -066.99715560
120 Linear Feature 5
111  10.60138910 -066.99851811 1 101
111  10.60145439 -066.99686837 1 101
112  10.60201526 -066.99643924  10.60241389 -066.99645810 1 101
111  10.60241389 -066.99645810 1 101
116  10.60270097 -066.99676478  10.60273805 -066.99708545
120 Linear Feature 4
111  10.60216481 -067.00294892 1 101
116  10.60249487 -067.00260136  10.60250751 -067.00230127
120 Linear Feature 3
111  10.60249487 -067.00260136 1 101
116  10.60281001 -067.00298170  10.60305020 -067.00303314
120 Linear Feature 2
111  10.60351300 -067.01161309 1 101
116  10.60386315 -067.01139201  10.60386870 -067.01113123
120 Linear Feature 1
111  10.60247851 -067.00360574 1 101
116  10.60281001 -067.00298170  10.60315850 -067.00298170
120 Linear Feature 53
111  10.60216481 -067.00294892 1 101
111  10.60281001 -067.00298170 1 101
115  10.60378492 -067.00303268
120 Linear Feature 52
111  10.60247851 -067.00360574 1 101
111  10.60249487 -067.00260136 1 101
111  10.60259597 -066.99950531 1 101
111  10.60262786 -066.99866642 1 101
115  10.60270097 -066.99676478
120 Linear Feature 51
111  10.60138910 -066.99851811 1 101
116  10.60162106 -066.99902330  10.60179746 -066.99906654
120 Linear Feature 50
111  10.60123452 -066.99930473 1 101
116  10.60162106 -066.99902330  10.60192174 -066.99904184
120 Linear Feature 49
111  10.60259597 -066.99950531 1 101
116  10.60225885 -066.99903720  10.60204474 -066.99902793
120 Linear Feature 48
111  10.60093886 -066.99900394 1 101
111  10.60162106 -066.99902330 1 101
111  10.60225885 -066.99903720 1 101
116  10.60262786 -066.99866642  10.60263697 -066.99838834
120 Linear Feature 47
111  10.60093886 -066.99900394 1 101
116  10.60138910 -066.99851811  10.60140733 -066.99817978
120 Linear Feature 46
111  10.60123452 -066.99930473 1 101
116  10.60138910 -066.99851811  10.60138910 -066.99830028
120 Linear Feature 45
111  10.59967549 -067.00287896 1 101
116  10.59919856 -067.00239202  10.59911455 -067.00205014
120 Linear Feature 44
111  10.59933172 -067.00307203 1 101
112  10.59919856 -067.00239202  10.59913341 -067.00222378 1 101
111  10.59913341 -067.00185161 1 101
111  10.59921359 -066.99931388 1 101
112  10.59952429 -066.99896210  10.59990514 -066.99896720 1 101
115  10.60059308 -066.99899884
120 Linear Feature 43
111  10.59967549 -067.00287896 1 101
116  10.60026735 -067.00246686  10.60042099 -067.00206893
120 Linear Feature 42
111  10.60008554 -067.00322812 1 101
116  10.60026735 -067.00246686  10.60042099 -067.00206893
120 Linear Feature 41
111  10.60152337 -067.00292342 1 101
116  10.60118942 -067.00255863  10.60118942 -067.00235470
120 Linear Feature 40
111  10.60026735 -067.00246686 1 101
111  10.60035255 -066.99921806 1 101
112  10.60059308 -066.99899884  10.60085366 -066.99900394 1 101
111  10.60093886 -066.99900394 1 101
112  10.60123452 -066.99930473  10.60126959 -066.99951375 1 101
111  10.60123452 -067.00047731 1 101
111  10.60118942 -067.00255863 1 101
116  10.60088194 -067.00289793  10.60058628 -067.00290303
120 Linear Feature 39
111  10.60026735 -067.00246686 1 101
116  10.60045548 -067.00288161  10.60059924 -067.00290947
120 Linear Feature 38
111  10.60045548 -067.00288161 1 101
115  10.59967549 -067.00287896
120 Linear Feature 5
111  10.59908103 -067.00685184 1
116  10.59916469 -067.00677369  10.59916820 -067.00669423
120 Linear Feature 4
111  10.59915798 -067.00693477 1
116  10.59908103 -067.00685184  10.59900293 -067.00684738
120 Linear Feature 37
111  10.60006636 -067.01245788 1 101
111  10.59953549 -067.01238894 1 101
111  10.59908285 -067.01232765 1 101
112  10.59894731 -067.01203655  10.59895107 -067.01177608 1 101
111  10.59896990 -067.01143136 1 101
111  10.59922501 -067.00533166 1 101
111  10.59933172 -067.00307203 1 101
112  10.59967549 -067.00287896  10.59994931 -067.00289289 1 101
116  10.60008616 -067.00322370  10.60007589 -067.00340825
120 Linear Feature 36
111  10.60216799 -067.01180937 1 101
115  10.60219739 -067.01124857
120 Linear Feature 35
111  10.60156715 -067.01251599 1 101
111  10.60007330 -067.01245429 1 101
112  10.59972786 -067.01211781  10.59972235 -067.01184302 1 101
111  10.59972786 -067.01183741 1 101
111  10.60004206 -067.00519813 1 101
111  10.60008616 -067.00322370 1 101
112  10.60045548 -067.00288161  10.60079725 -067.00289844 1 101
111  10.60088194 -067.00289793 1 101
111  10.60152337 -067.00292342 1 101
111  10.60216481 -067.00294892 1 101
112  10.60247851 -067.00360574  10.60245095 -067.00420580 1 101
111  10.60245095 -067.00420580 1 101
111  10.60219739 -067.01124857 1 101
116  10.60250424 -067.01159066  10.60276883 -067.01160188
120 Linear Feature 34
111  10.60180969 -067.01249916 1 101
115  10.60257590 -067.01254964
120 Linear Feature 33
111  10.60214594 -067.01215707 1 101
112  10.60180969 -067.01249916  10.60156715 -067.01251599 1 101
115  10.60156715 -067.01251599
120 Linear Feature 32
111  10.60257590 -067.01254964 1 101
112  10.60214594 -067.01215707  10.60216799 -067.01180937 1 101
111  10.60216799 -067.01180937 1 101
112  10.60250424 -067.01159066  10.60277986 -067.01157384 1 101
111  10.60299484 -067.01157944 1 101
111  10.60351300 -067.01161309 1 101
116  10.60384374 -067.01201687  10.60383271 -067.01240944
120 Linear Feature 31
111  10.60257590 -067.01254964 1 101
111  10.60353505 -067.01255525 1 101
116  10.60382720 -067.01229727  10.60383271 -067.01202248
120 Linear Feature 30
111  10.60393088 -066.97602103 1 102
112  10.60347997 -066.97615955  10.60323743 -066.97611469 1 102
116  10.60311726 -066.97591280  10.60308419 -066.97582868
120 Linear Feature 44
111  10.60117081 -066.99030643 4 103
115  10.60109510 -066.99062278
120 Linear Feature 43
111  10.59966954 -066.99655892 4 103
115  10.59968484 -066.99618544
120 Linear Feature 42
111  10.59822148 -066.99717102 4 103
115  10.59847132 -066.99622175
120 Linear Feature 41
111  10.59994410 -066.99027512 4 103
115  10.60003432 -066.98995222
120 Linear Feature 40
111  10.60122105 -066.98516815 4 103
115  10.60128052 -066.98495762
120 Linear Feature 39
111  10.60233452 -066.98080763 4 103
115  10.60238778 -066.98062813
120 Linear Feature 38
111  10.60349009 -066.97616357 4 103
115  10.60342954 -066.97635717
120 Linear Feature 29
111  10.60288905 -066.98042007 1 102
112  10.60232128 -066.98060514  10.60211182 -066.98049298 1 102
112  10.60203464 -066.98015650  10.60210079 -066.97992657 1 102
111  10.60255280 -066.97812639 1 102
111  10.60295520 -066.97654258 1 102
112  10.60331901 -066.97634069  10.60350643 -066.97634630 1 102
116  10.60372693 -066.97659866  10.60376000 -066.97668839
120 Linear Feature 45
111  10.60383258 -066.99061259 4 103
115  10.60382086 -066.99093974
120 Linear Feature 17
111  10.60156890 -066.99593808 51
115  10.60143166 -066.99604825
120 Linear Feature 16
111  10.60156411 -066.99605697 51
115  10.60144055 -066.99592541
120 Linear Feature 46
111  10.60359502 -066.99631339 4 103
115  10.60358199 -066.99664474
120 Linear Feature 1
111  10.59913611 -067.00745623 1
116  10.59906100 -067.00736910  10.59898102 -067.00736676
120 Linear Feature 36
111  10.60485272 -066.97092358 4 103
115  10.60487171 -066.97059009
120 Linear Feature 35
111  10.60493289 -066.97308290 1 101
112  10.60480647 -066.97212805  10.60462259 -066.97181236 1 101
111  10.60448851 -066.97153955 1 101
112  10.60436593 -066.97116151  10.60441573 -066.97098613 1 101
112  10.60448085 -066.97091987  10.60452682 -066.97088090 1 101
112  10.60476433 -066.97079516  10.60489841 -066.97080295 1 101
112  10.60512059 -066.97093156  10.60528915 -066.97109915 1 101
111  10.60530064 -066.97111084 1 101
116  10.60531596 -066.97156683  10.60522403 -066.97191759
120 Linear Feature 51
111  10.60262739 -067.00341897 1
115  10.60271837 -067.00342408
120 Linear Feature 50
111  10.60143255 -067.01265388 5 103
115  10.60145403 -067.01233697
120 Linear Feature 49
111  10.60296644 -067.01237734 4 103
115  10.60294917 -067.01268187
120 Linear Feature 48
111  10.60303839 -067.01143156 4 103
116  10.60302400 -067.01175951  10.60302112 -067.01175951
120 Linear Feature 47
111  10.60332206 -067.00317452 4 103
115  10.60333099 -067.00282907
120 Linear Feature 28
111  10.60175139 -066.98477038 1 102
112  10.60124737 -066.98494829  10.60096964 -066.98490381 1 102
112  10.60100293 -066.98457233  10.60109329 -066.98427739 1 102
111  10.60193583 -066.98092882 1 102
112  10.60236493 -066.98081876  10.60265069 -066.98093825 1 102
115  10.60264061 -066.98116705
120 Linear Feature 27
111  10.60046998 -066.98986865 1 102
112  10.60003432 -066.98995222  10.59974681 -066.98988954 1 102
111  10.59958252 -066.98984776 1 102
112  10.59935662 -066.98939860  10.59946957 -066.98899467 1 102
111  10.59946957 -066.98899467 1 102
111  10.60042451 -066.98543624 1 102
112  10.60088477 -066.98509836  10.60119904 -066.98513318 1 102
111  10.60130794 -066.98520599 1 102
116  10.60152264 -066.98542758  10.60157554 -066.98554471
120 Linear Feature 26
111  10.60020623 -066.99048956 1 102
112  10.59982369 -066.99022966  10.59952403 -066.99016047 1 102
111  10.59952403 -066.99016047 1 102
112  10.59922437 -066.99032479  10.59917124 -066.99052371 1 102
111  10.59885627 -066.99184540 1 102
111  10.59839679 -066.99372688 1 102
111  10.59816445 -066.99480033 1 102
111  10.59832390 -066.99563458 1 102
111  10.59858357 -066.99667739 1 102
112  10.59874856 -066.99664467  10.59881454 -066.99651652 1 102
116  10.59882413 -066.99651164  10.59883013 -066.99650920
120 Linear Feature 25
111  10.60234663 -067.00246123 1 102
112  10.60198833 -067.00279771  10.60163554 -067.00278649 1 102
111  10.60161900 -067.00278649 1 102
112  10.60129929 -067.00238832  10.60130480 -067.00202941 1 102
111  10.60137095 -066.99941047 1 102
112  10.60170169 -066.99916933  10.60201589 -066.99916933 1 102
111  10.60201589 -066.99916933 1 102
111  10.60225292 -066.99920297 1 102
114  10.60242931 -066.99973574  10.60242380 -067.00018998 1 102
120 Linear Feature 24
111  10.60254066 -066.99714058 1 102
111  10.60248197 -066.99861850 1 102
112  10.60201974 -066.99887228  10.60156485 -066.99883496 1 102
112  10.60155018 -066.99846175  10.60155752 -066.99823036 1 102
111  10.60160888 -066.99693158 1 102
112  10.60205643 -066.99658076  10.60245996 -066.99661062 1 102
116  10.60254066 -066.99714058  10.60256267 -066.99729733
120 Linear Feature 23
111  10.59925706 -066.99669646 1 102
112  10.59990463 -066.99655473  10.60044303 -066.99657772 1 102
111  10.60106802 -066.99657772 1 102
112  10.60132170 -066.99688798  10.60132547 -066.99722122 1 102
111  10.60126899 -066.99842965 1 102
112  10.60089626 -066.99882034  10.60048587 -066.99882417 1 102
111  10.60048587 -066.99882417 1 102
115  10.59916903 -066.99877054
120 Linear Feature 22
111  10.60071495 -066.99080405 1 102
112  10.60118181 -066.99063935  10.60159220 -066.99073893 1 102
111  10.60159220 -066.99073893 1 102
111  10.60206049 -066.99086151 1 102
111  10.60264406 -066.99091130 1 102
112  10.60278336 -066.99112081  10.60277583 -066.99134681 1 102
111  10.60277583 -066.99134681 1 102
111  10.60256876 -066.99597252 1 102
112  10.60220732 -066.99626746  10.60183459 -066.99625597 1 102
111  10.60183459 -066.99625597 1 102
111  10.60048821 -066.99623299 1 102
111  10.59976157 -066.99621383 1 102
116  10.59949802 -066.99580016  10.59952061 -066.99543244
120 Linear Feature 21
111  10.60464463 -066.98538644 1 102
112  10.60436062 -066.98594860  10.60419640 -066.98615892 1 102
111  10.60419640 -066.98615892 1 102
111  10.60322906 -066.98774486 1 102
112  10.60288645 -066.98895862  10.60286386 -066.98971704 1 102
111  10.60286386 -066.98971704 1 102
111  10.60281491 -066.99037505 1 102
112  10.60252877 -066.99054742  10.60225016 -066.99050529 1 102
111  10.60118181 -066.99030611 1 102
116  10.60094838 -066.99009544  10.60091450 -066.98990392
120 Linear Feature 20
111  10.60437605 -066.99045051 1 102
112  10.60391060 -066.99061533  10.60363801 -066.99060748 1 102
111  10.60332198 -066.99058655 1 102
112  10.60315226 -066.99020721  10.60316769 -066.98982524 1 102
111  10.60316769 -066.98982524 1 102
112  10.60324998 -066.98847135  10.60330141 -066.98828560 1 102
111  10.60355856 -066.98775190 1 102
111  10.60389543 -066.98722342 1 102
111  10.60437021 -066.98645491 1 102
116  10.60461707 -066.98646538  10.60468393 -066.98673747
120 Linear Feature 19
111  10.60417011 -066.99607488 1 102
112  10.60364294 -066.99631557  10.60318007 -066.99629726 1 102
111  10.60318007 -066.99629726 1 102
112  10.60288225 -066.99588390  10.60289768 -066.99546792 1 102
111  10.60289768 -066.99546792 1 102
111  10.60312397 -066.99113072 1 102
112  10.60348399 -066.99091620  10.60382086 -066.99093974 1 102
111  10.60382086 -066.99093974 1 102
111  10.60407518 -066.99095806 1 102
116  10.60437605 -066.99119352  10.60449948 -066.99142374
120 Linear Feature 18
111  10.60386924 -067.00266323 1 102
112  10.60360999 -067.00282805  10.60337341 -067.00283590 1 102
111  10.60287710 -067.00280974 1 102
112  10.60266110 -067.00255335  10.60265852 -067.00231004 1 102
111  10.60265853 -067.00231004 1 102
111  10.60286168 -066.99683881 1 102
112  10.60312397 -066.99663213  10.60338113 -066.99663736 1 102
111  10.60337856 -066.99663736 1 102
111  10.60381266 -066.99665830 1 102
116  10.60412125 -066.99687806  10.60422154 -066.99708997
120 Linear Feature 17
111  10.60040379 -067.01196700 1 102
112  10.60037293 -067.01217107  10.60045779 -067.01229141 1 102
111  10.60046036 -067.01229141 1 102
111  10.60170284 -067.01234373 1 102
112  10.60199600 -067.01198270  10.60200629 -067.01163474 1 102
111  10.60200629 -067.01163475 1 102
111  10.60231744 -067.00334670 1 102
112  10.60200371 -067.00308770  10.60173370 -067.00307724 1 102
111  10.60173370 -067.00307724 1 102
111  10.60099781 -067.00306416 1 102
116  10.60080495 -067.00346966  10.60101324 -067.00389610
120 Linear Feature 16
111  10.60353344 -067.01128082 1 102
112  10.60323643 -067.01143021  10.60305095 -067.01143610 1 102
111  10.60258340 -067.01141645 1 102
112  10.60235858 -067.01113734  10.60236438 -067.01089753 1 102
111  10.60248996 -067.00636796 1 102
111  10.60262520 -067.00343589 1 102
112  10.60290728 -067.00315874  10.60316810 -067.00317053 1 102
111  10.60316810 -067.00317053 1 102
112  10.60356857 -067.00318232  10.60356470 -067.00318232 1 102
116  10.60389701 -067.00349289  10.60397429 -067.00374645
120 Linear Feature 15
111  10.60359548 -067.01269213 1 102
111  10.60224810 -067.01266597 1 102
111  10.60082085 -067.01264218 1 102
115  10.59854195 -067.01254813
120 Linear Feature 14
111  10.60363492 -067.01199487 1 102
112  10.60335091 -067.01176686  10.60312872 -067.01176096 1 102
111  10.60312872 -067.01176096 1 102
111  10.60259231 -067.01173541 1 102
112  10.60232569 -067.01197128  10.60231989 -067.01219732 1 102
112  10.60260584 -067.01236440  10.60278165 -067.01237029 1 102
112  10.60344206 -067.01232509  10.60355605 -067.01223467 1 102
113  10.60361208 -067.01213639 1 102
21  10.60346450 -067.01029810 2 88.1400 3.0 10  PAPI-4L
21  10.60426053 -066.98850969 2 267.8200 3.0 28  PAPI-4L
20  10.60525849 -066.97093468 197.7446 0 2 {@L}N
20  10.60506508 -066.97159817 72.4744 0 2 {@Y}{^r}N
20  10.60484346 -066.98503926 86.4965 0 2 {@R}UNDER_CONSTRUCTION
20  10.60502986 -066.98504622 86.4965 0 2 {@R}UNDER_CONSTRUCTION
20  10.60467510 -066.97322954 72.8381 0 2 {@Y}{^r}N
20  10.60500560 -066.97179697 254.6383 0 2 {@R}NO_TAKEOFF
20  10.60479027 -066.97271401 99.6376 0 2 {@L}N
20  10.60498307 -066.97202240 195.9454 0 2 {@L}N
20  10.60521593 -066.97114866 111.8015 0 2 {@L}N
20  10.60485788 -066.97094487 19.2900 0 2 {@R}09-27
20  10.60476659 -066.97160038 298.7398 0 2 {@R}09-27
20  10.60377465 -066.97352554 45.3430 0 2 {@R}NO_ENTRY|NO_PASE
20  10.60392916 -066.97600863 210.5296 0 2 {@L}M
20  10.60373223 -066.97676687 109.4401 0 2 {@L}M
20  10.60343164 -066.97639387 346.6075 0 2 {@R}09-27{@Y}{^l}N
20  10.60294172 -066.97667745 76.8094 0 2 {@Y}{^l}M|{^u}PRKG
20  10.60207466 -066.98083456 210.3791 0 2 {@Y}{^l}M{^r}
20  10.60215218 -066.98047698 150.3616 0 2 {@Y}{^l}M{^r}
20  10.60241144 -066.98059676 344.4760 0 2 {@R}09-27
20  10.60283801 -066.98043402 219.0937 0 2 {@L}L
20  10.60263139 -066.98121383 109.9832 0 2 {@L}L
20  10.60208151 -066.98018990 255.9637 0 2 {@Y}{^r}L
20  10.60192154 -066.98112907 73.6104 0 2 {@Y}{^l}L
20  10.60035713 -066.98575675 251.5650 0 2 {@L}J
20  10.60091327 -066.98457469 250.5599 0 2 {@Y}{^u}J|{^r}K
20  10.60103931 -066.98419766 63.8690 0 2 {@L}M
20  10.60171956 -066.98477911 218.2901 0 2 {@L}K
20  10.60154683 -066.98554638 115.2012 0 2 {@L}K
20  10.60106750 -066.98489220 164.5779 0 2 {@Y}{^l}M|{^r}J
20  10.60120866 -066.98519667 343.0725 0 2 {@R}09-27
20  10.60044694 -066.98547307 67.2490 0 2 {@Y}{^l}K|M{^lu}
20  10.60458084 -066.98540634 254.2913 0 2 {@L}F
20  10.60458972 -066.98649392 118.4431 0 2 {@L}F
20  10.60380460 -066.98672174 59.5343 0 2 {@R}28
20  10.60412840 -066.98695189 54.4622 0 2 {@R}28
20  10.59941067 -066.98932748 253.3007 0 2 {@Y}{^r}E
20  10.59926264 -066.99042682 73.6104 0 2 {@Y}{^l}E
20  10.59947173 -066.99021733 168.6901 0 2 {@Y}{^l}J{^r}
20  10.60004640 -066.98991864 347.1957 0 2 {@R}09-27
20  10.60037140 -066.98987101 196.3138 0 2 {@L}E
20  10.60022267 -066.99061924 111.5714 0 2 {@L}E
20  10.60100524 -066.99011487 295.1149 0 2 {@L}E
20  10.60081520 -066.99072572 44.9999 0 2 {@L}E
20  10.60108236 -066.99068089 165.6187 0 2 {@R}09-27
20  10.60238499 -066.99048905 347.0054 0 2 {@Y}{^l}F{^r}
20  10.60340076 -066.99096668 175.7108 0 2 {@Y}{^l}F{^r}
20  10.60428423 -066.99113078 121.5044 0 2 {@L}E
20  10.60428057 -066.99045947 218.9908 0 2 {@L}E
20  10.60382764 -066.99058254 354.5597 0 2 {@R}10-28
20  10.60320811 -066.99007159 268.6981 0 2 {@Y}{^l}E{^r}
20  10.60274621 -066.99133964 86.4236 0 2 {@Y}{^l}E{^r}
20  10.60220654 -066.99623827 356.6335 0 2 {@Y}{^l}F{^r}
20  10.59864389 -066.99675104 343.3008 0 2 {@Y}{^ru}D
20  10.59844008 -066.99617943 285.9454 0 2 {@R}09
20  10.59815088 -066.99683230 271.7899 0 2 {@R}09
20  10.59873203 -066.99672302 232.6960 0 2 {@L}J
20  10.59969007 -066.99659413 180.0000 0 2 {@R}09{@Y}{^ru}J
20  10.59953033 -066.99659693 16.6992 0 2 {@L}D
20  10.59956063 -066.99599170 291.0376 0 2 {@L}D
20  10.60314734 -066.99669459 180.0000 0 2 {@R}{^l}F{^r}
20  10.60292289 -066.99572661 265.9144 0 2 {@Y}{^l}D{^r}
20  10.60094678 -066.99619819 358.0909 0 2 {@Y}{^l}H
20  10.60202998 -066.99662013 177.2737 0 2 {@Y}{^r}H
20  10.60405807 -066.99616119 226.7354 0 2 {@L}D
20  10.60408247 -066.99691075 121.4298 0 2 {@L}D
20  10.60358478 -066.99670226 360.0000 0 2 {@R}10-28
20  10.60246743 -066.99728305 88.4926 0 2 {@Y}{^l}D{^r}
20  10.60176969 -066.99921835 177.6140 0 2 {@Y}{^l}H|{^r}UP_TO_727
20  10.60284801 -066.99839816 265.9144 0 2 {@Y}{^l}G
20  10.60236760 -066.99962570 88.3153 0 2 {@Y}{^r}G
20  10.60169543 -066.99684872 236.9760 0 2 {@L}H
20  10.60128874 -066.99691683 88.3634 0 2 {@Y}{^l}D{^r}
20  10.60159488 -066.99846994 268.7270 0 2 {@Y}{^l}G{^r}|{^u}UP_TO_727
20  10.60123929 -066.99806956 86.9872 0 2 {@L}H{@Y}{^r}BOMBEROS|FIRE
20  10.60040237 -067.00209919 267.6140 0 2 {@Y}{^l}C{^r}|{^lu}NORTH_LINE
20  10.59930461 -067.00205789 270.0000 0 2 {@Y}{^r}C|{^ru}SOUTH_LINE
20  10.59914691 -067.00303015 85.1009 0 2 {@Y}{^l}C|{^ru}SOUTH_LINE|{^r}9
20  10.59991021 -067.00362582 88.0909 0 2 {@Y}{^l}C{^r}|{^lu}NORTH_LINE
20  10.60136911 -067.00221558 270.0000 0 2 {@Y}{^l}C{^r}
20  10.59967281 -067.00267226 355.9144 0 2 {@Y}{^l}NORTH_LINE{^r}
20  10.60053316 -067.00277155 360.0000 0 2 {@Y}{^r}UP_TO_B-727
20  10.59965977 -067.00307435 177.7094 0 2 {@Y}{^l}SOUTH_LINE{^r}
20  10.59961748 -067.01207839 268.3153 0 2 {@Y}{^l}SOUTH_LINE{^r}
20  10.60344842 -067.01127126 222.7093 0 2 {@L}B
20  10.60236673 -067.01200744 266.7295 0 2 {@Y}{^l}A{^r}|10{^r}
20  10.60297086 -067.01235905 360.0000 0 2 {@R}10
20  10.60268356 -067.01234861 180.0000 0 2 {@L}A{@Y}{^l}F|APRON{^u}
20  10.60304341 -067.01141222 360.0000 0 2 {@R}10-28
20  10.59881620 -067.01192012 267.8789 0 2 {@Y}{^r}ONLY
20  10.59911149 -067.01191987 86.3086 0 2 {@Y}SOUTH_LINE
20  10.59985566 -067.01162151 87.8789 0 2 {@Y}NORTH_LINE
20  10.59922147 -067.01217348 175.8151 0 2 {@Y}{^l}SOUTH_LINE|{^u}32
20  10.60061319 -067.01223067 176.4237 0 3 {@Y}{^l}NORTH_LINE|SOUTH_LINE{^u}
20  10.60145553 -067.01230511 357.7974 0 2 {@L}A{@Y}{^u}10|F{^r}
20  10.60196572 -067.01184229 87.9282 0 2 {@L}F{@Y}{^l}10|{^l}B
20  10.60257878 -067.01137547 180.0000 0 2 {@Y}{^l}F{^r}
20  10.60350408 -067.01221973 230.4402 0 2 {@L}A
20  10.60294763 -067.01271487 357.5634 0 2 {@R}10
20  10.60117330 -066.99947641 86.0548 0 2 {@Y}{^l}G{^r}|{^u}H
20  10.60091780 -066.99893222 357.5105 0 2 {@Y}{^l}UP_TO_727|{^r}H{^u}10
20  10.59922767 -066.99893223 42.8788 0 2 {@L}G
20  10.59946383 -066.99889946 180.0000 0 2 {@Y}{^r}SOUTH_LINE
20  10.60064803 -066.99892356 178.0585 0 2 {@Y}{^r}NORTH_LINE
20  10.59907133 -066.99925996 87.1376 0 2 {@Y}{^l}G|{^r}1
20  10.60377373 -067.00272323 231.3400 0 2 {@L}C
20  10.60303989 -067.00322373 174.6442 0 2 {@Y}{^l}F{^r}|{^u}TERMINAL
20  10.60192693 -067.00275605 360.0000 0 2 {@Y}{^l}F{^r}
20  10.60378583 -067.00341244 121.6077 0 2 {@L}C
20  10.60332619 -067.00279707 355.6013 0 2 {@R}10-28
20  10.60225356 -067.00358475 88.3634 0 2 {@Y}{^l}C{^r}|TERMINAL{^r}
20  10.60101886 -067.00312896 178.0908 0 2 {@Y}{^l}NORTH_LINE{^r}
20  10.60171304 -067.00315161 180.0000 0 2 {@Y}{^l}UP_TO_B-727
20  10.60270923 -067.00225771 265.4860 0 2 {@Y}{^l}TERMINAL|{^l}C{^r}
20  10.60241486 -067.01086194 265.7636 0 2 {@Y}{^r}B
14  10.59568438 -066.99729570   0.00 0 Tower Viewpoint
1300  10.59865202 -066.98539158 343.81 hangar jets|turboprops|props New Ramp Start 64
1300  10.60378024 -066.98711391  57.99 misc heavy|jets RWY28-F
1300  10.60277642 -067.01157705   2.12 misc heavy|jets RWY10-B
1300  10.60265127 -067.01254849   0.00 misc heavy|jets RWY10-A
1300  10.60376155 -066.97153126  14.53 misc heavy|jets|turboprops|props East_Graveyard
1300  10.60293954 -066.97462349 164.05 hangar heavy|jets SBA_Airlines
1300  10.60154033 -066.97962377 204.77 gate heavy|jets DHL
1300  10.60140894 -066.98091030 213.69 gate heavy|jets Cargo2
1300  10.60110511 -066.98182926 216.03 gate heavy|jets Cargo1
1300  10.59796055 -066.98811003 154.72 gate heavy|jets Aserca_Airlines
1300  10.59739037 -066.98898461  75.07 hangar heavy|jets|turboprops Conviasa_Hangar_In
1300  10.59807175 -066.98966839 164.74 hangar jets|turboprops Conviasa_Hangar_Out
1300  10.59739478 -066.99474039 166.61 tie_down turboprops|props Vuelos_Los_Roques
1300  10.60106491 -067.00363909   0.00 gate heavy|jets|turboprops North_Intl_Apron_3
1300  10.60107181 -067.00425016   0.00 gate heavy|jets|turboprops North_Intl_Apron_2
1300  10.60105584 -067.00486768 358.57 gate heavy|jets|turboprops North_Intl_Apron
1300  10.59833829 -067.01026531 177.95 gate heavy|jets 29
1300  10.59827710 -067.01078404 175.91 gate heavy|jets 30
1300  10.59821592 -067.01163475 180.00 gate heavy|jets 31
1300  10.59821082 -067.01226759 178.21 gate heavy|jets 32
1300  10.59829750 -067.00975770 180.00 gate heavy|jets 28
1300  10.59834339 -067.00922341 180.00 gate heavy|jets 27
1300  10.59835359 -067.00840901 173.88 gate heavy|jets 26
1300  10.59836378 -067.00785916 182.05 gate heavy|jets 25
1300  10.59853103 -066.99958770 180.00 gate jets 19
1300  10.59836888 -067.00734562 177.27 gate heavy|jets 24
1300  10.59832299 -067.00682286 180.00 gate heavy|jets 23
1300  10.59842875 -067.00588081 180.00 gate heavy|jets 16
1300  10.59843518 -067.00520224 177.95 gate heavy|jets 15
1300  10.59836488 -067.00460116 177.80 gate heavy|jets 14
1300  10.59835645 -067.00395884 177.27 gate jets 13
1300  10.59840702 -067.00333722 175.24 gate jets 12
1300  10.59839859 -067.00273763 182.49 gate jets 9
1300  10.59845839 -067.00221033 176.99 gate jets 8
1300  10.59847053 -067.00176971 182.29 gate jets 7
1300  10.59848297 -067.00141287 182.39 gate jets 6
1300  10.59847825 -067.00102377 180.00 gate jets 5
1300  10.59848367 -067.00065139 180.00 gate jets 4
1300  10.59852952 -067.00001691 177.99 gate jets 3
1300  10.59855310 -066.99912042 181.33 gate jets 1
1300  10.59983221 -067.00110457 176.31 gate jets|turboprops D16
1300  10.59983221 -067.00148183 175.91 gate jets|turboprops D18
1300  10.59991227 -066.99959554 178.26 gate jets|turboprops D12
1300  10.59989963 -066.99996423 181.97 gate jets|turboprops D14
1300  10.59989120 -067.00034148 178.21 gate jets|turboprops D15
1300  10.59986171 -067.00071017 175.60 gate jets|turboprops D16
1300  10.59979850 -067.00185909 179.48 gate jets|turboprops D19
1300  10.59978586 -067.00223635 180.00 gate jets|turboprops D20
1300  10.60083090 -066.99961698 176.99 gate jets|turboprops D21
1300  10.60082668 -066.99998995 177.40 gate jets|turboprops D22
1300  10.60079719 -067.00036721 179.25 gate jets|turboprops D23
1300  10.60076348 -067.00072732 182.39 gate jets|turboprops D24
1300  10.60073819 -067.00149839 180.00 gate props D26
1300  10.60075083 -067.00112971 180.00 gate jets|turboprops D25
1300  10.60072976 -067.00187994 177.27 gate jets|turboprops D27
1300  10.60072134 -067.00227005 177.80 gate jets|turboprops D28
18  10.59561731 -066.99771413 1 BCN
19  10.60443466 -066.98690674 0 New Windsock 14
19  10.60305739 -067.01001142 0 New Windsock 13
19  10.59969566 -066.99682538 0 New Windsock 12
19  10.60133377 -066.98410866 1 Windsock
50 13295 ATIS
52 11950 CLD
53 12190 GND
54 11840 MAIQUETIA TWR
55 12040 MAIQUETIA APP
56 11840 MAIQUETIA DEP
51 12880 MAIQUETIA UNICOM
55 12010 MAIQUETIA APPROACH
54 11810 MAIQUETIA TOWER
54 12170 MAIQUETIA GROUND
54 12150 EMERG
99
