I
850 Generated by WorldEditor

1    233 1 0 SVMI Caracas Simon Bolivar Intl
100 45.11 1 0 0.25 0 2 1 10  10.60379977 -067.01273666    0   61 3 7 0 0 28  10.60481877 -066.98076966    0   61 3 0 0 0
100 44.20 1 0 0.25 0 2 1 09  10.59872477 -066.99766205    0    0 2 0 0 0 27  10.60527477 -066.97109305    0    0 2 0 0 0
110 2 0.00 120.0000 New Taxiway 1
111  10.60127864 -066.99617917
111  10.60128585 -066.99597930
111  10.60146429 -066.99598663
113  10.60146068 -066.99623051
110 2 0.00 120.0000 New Taxiway 13
111  10.59798814 -066.99500605
111  10.59801736 -066.99488622
112  10.59813943 -066.99486905  10.59812939 -066.99494801
113  10.59814383 -066.99495176
110 2 0.00 120.0000 New Taxiway 12
111  10.59801736 -066.99488622
111  10.59818127 -066.99421269
111  10.59829016 -066.99428849
113  10.59813943 -066.99486905
110 2 0.00 120.0000 New Taxiway 9
111  10.59937530 -066.98985008
111  10.59922097 -066.98984980
111  10.60130970 -066.98131300
113  10.60148039 -066.98135909
110 2 0.00 120.0000 New Taxiway 7
111  10.59885746 -066.99013448
111  10.59885961 -066.99007972
111  10.59889406 -066.99000305
111  10.59895676 -066.99002307
111  10.59916856 -066.99008527
113  10.59913363 -066.99022522
110 2 0.00 120.0000 New Taxiway 6
111  10.60028683 -066.99053167
111  10.60016308 -066.99050784
111  10.59954403 -066.99032667
111  10.59927606 -066.99025397
111  10.59930980 -066.99011059
111  10.59957976 -066.99018531
111  10.60020344 -066.99034779
113  10.60033375 -066.99039031
110 2 0.00 120.0000 New Taxiway 5
111  10.60109527 -066.99652798
111  10.59944139 -066.99647733
111  10.59949508 -066.99637916
111  10.59944893 -066.99631118
111  10.60108740 -066.99637268
113  10.60104174 -066.99644230
110 2 0.00 120.0000 New Taxiway 1
111  10.60158860 -067.01223078
111  10.60110095 -067.01218183
111  10.60111255 -067.01178443
114  10.60156913 -067.01210050  10.60202684 -067.01212140
110 2 0.00 120.0000 New Taxiway 29
112  10.60278704 -066.98883491  10.60277034 -066.98859134
111  10.60298101 -066.98826133
112  10.60311919 -066.98835228  10.60294380 -066.98858735
113  10.60295154 -066.98884034
110 2 0.00 120.0000 New Taxiway 28
111  10.59828665 -066.99263709
112  10.59858645 -066.99240405  10.59864708 -066.99212304
111  10.59866055 -066.99243147
113  10.59850224 -066.99278102
110 2 0.00 120.0000 New Taxiway 27
111  10.60501082 -066.98058976
112  10.60504474 -066.98048561  10.60508223 -066.98048605
112  10.60518692 -066.98054434  10.60528978 -066.98062995
112  10.60529385 -066.98075435  10.60529793 -066.98087875
112  10.60528978 -066.98128098  10.60528570 -066.98160027
111  10.60502306 -066.98164097
113  10.60498079 -066.98163955
110 2 0.00 120.0000 New Taxiway 26
111  10.60441254 -066.98723127
111  10.60436437 -066.98678267
112  10.60406244 -066.98686863  10.60375120 -066.98738885
111  10.60424334 -066.98625234
112  10.60445087 -066.98578078  10.60444472 -066.98553177
113  10.60450510 -066.98607106
110 2 0.00 120.0000 New Taxiway 25
111  10.59944139 -066.99647733
112  10.59916237 -066.99672495  10.59909910 -066.99694896
111  10.59898144 -066.99662042
111  10.59909657 -066.99612762
111  10.59931675 -066.99608642
114  10.59944893 -066.99631118  10.59963874 -066.99631375
110 2 0.00 120.0000 New Taxiway 24
111  10.59861006 -066.99675985
112  10.59877431 -066.99663016  10.59880883 -066.99647462
112  10.59847610 -066.99645981  10.59832801 -066.99645920
111  10.59840920 -066.99627975
112  10.59890225 -066.99605325  10.59897129 -066.99578231
111  10.59891612 -066.99636843
113  10.59881703 -066.99688117
110 2 0.00 120.0000 New Taxiway 23
111  10.60430293 -066.99164450
112  10.60394837 -066.99122893  10.60369420 -066.99121958
111  10.60395111 -066.99105611
112  10.60432437 -066.99078775  10.60431824 -066.99057590
113  10.60438562 -066.99118653
110 2 0.00 120.0000 New Taxiway 23
111  10.60410260 -066.99703711
112  10.60375143 -066.99661964  10.60349726 -066.99661029
111  10.60375873 -066.99645083
112  10.60412403 -066.99618036  10.60411791 -066.99596851
113  10.60418528 -066.99657914
110 2 0.00 120.0000 New Taxiway 21
111  10.60107563 -066.99855693
112  10.60122238 -066.99843405  10.60122758 -066.99830986
111  10.60127693 -066.99840499
114  10.60127044 -066.99860846  10.60127173 -066.99860978
110 2 0.00 120.0000 New Taxiway 16
111  10.60245856 -066.99928903
112  10.60230074 -066.99904722  10.60216574 -066.99904142
111  10.60230645 -066.99887119
114  10.60246997 -066.99870676  10.60248518 -066.99854814
110 2 0.00 120.0000 New Taxiway 14
111  10.60178541 -066.99902620
112  10.60151715 -066.99927080  10.60150449 -066.99952827
111  10.60144644 -066.99924701
111  10.60147665 -066.99864771
111  10.60153533 -066.99857375
114  10.60179047 -066.99885626  10.60205874 -066.99886141
110 2 0.00 120.0000 New Taxiway 12
111  10.60389893 -067.00322135
112  10.60363003 -067.00291853  10.60344179 -067.00291466
112  10.60363450 -067.00274077  10.60363450 -067.00273497
114  10.60392726 -067.00247513  10.60394757 -067.00221319
110 2 0.00 120.0000 New Taxiway 11
111  10.60310139 -066.99121619
112  10.60286942 -066.99138256  10.60286371 -066.99153538
111  10.60269639 -066.99138643
112  10.60249211 -066.99114453  10.60233239 -066.99114067
111  10.60249036 -066.99096431
112  10.60271889 -066.99085069  10.60274551 -066.99069206
112  10.60281333 -066.99071347  10.60280503 -066.99071589
111  10.60288843 -066.99088443
114  10.60309793 -066.99102987  10.60323720 -066.99103851
110 2 0.00 120.0000 New Taxiway 11
111  10.60168415 -066.99654958
112  10.60143890 -066.99672861  10.60143319 -066.99688144
111  10.60126587 -066.99673248
112  10.60109527 -066.99652798  10.60093556 -066.99652411
111  10.60108740 -066.99637268
112  10.60127918 -066.99618117  10.60130580 -066.99602254
112  10.60138281 -066.99605953  10.60137450 -066.99606195
111  10.60145791 -066.99623049
114  10.60165847 -066.99638278  10.60179775 -066.99639142
110 2 0.00 120.0000 New Taxiway 11
111  10.60293032 -066.99659543
112  10.60269834 -066.99676179  10.60269264 -066.99691461
111  10.60252531 -066.99676566
112  10.60237510 -066.99658189  10.60221538 -066.99657802
111  10.60237130 -066.99640585
112  10.60253862 -066.99621434  10.60256524 -066.99605572
112  10.60256905 -066.99600735  10.60256334 -066.99599768
111  10.60271736 -066.99622401
114  10.60290180 -066.99641746  10.60302159 -066.99642326
110 2 0.00 120.0000 New Taxiway 11
111  10.60273696 -067.00288233
112  10.60250498 -067.00304869  10.60249928 -067.00320151
111  10.60233195 -067.00305256
112  10.60218174 -067.00286879  10.60202202 -067.00286492
111  10.60217794 -067.00269275
112  10.60234526 -067.00250124  10.60237188 -067.00234262
112  10.60237569 -067.00229426  10.60236998 -067.00228458
111  10.60252400 -067.00251091
114  10.60270844 -067.00270436  10.60282823 -067.00271016
110 2 0.00 120.0000 New Taxiway 9
112  10.60141632 -067.00238488  10.60141822 -067.00260734
112  10.60170723 -067.00267311  10.60177759 -067.00267698
111  10.60177759 -067.00274082
112  10.60169392 -067.00284528  10.60148096 -067.00284915
113  10.60138399 -067.00312964
110 2 0.00 120.0000 New Taxiway 8
111  10.60365440 -067.01098160
112  10.60339829 -067.01073586  10.60314217 -067.01072170
111  10.60339305 -067.01055141
112  10.60368224 -067.01026504  10.60368780 -067.01001014
114  10.60374070 -067.01031602  10.60374070 -067.01033302
110 2 0.00 120.0000 New Taxiway 5
111  10.60359824 -067.01273171
112  10.60321225 -067.01232547  10.60284527 -067.01231000
111  10.60321795 -067.01215524
112  10.60362486 -067.01183799  10.60370852 -067.01156717
113  10.60377507 -067.01177401
110 2 0.00 120.0000 New Taxiway 4
111  10.60257998 -067.01069013
112  10.60225148 -067.01102817  10.60223893 -067.01132608
111  10.60215958 -067.01075772
112  10.60217180 -067.01045279  10.60216762 -067.01044428
111  10.60227449 -067.01015574
114  10.60258427 -067.01050116  10.60287709 -067.01053521
110 2 0.00 120.0000 New Taxiway 1
112  10.60193148 -067.01197692  10.60203347 -067.01188064
112  10.60206047 -067.01174664  10.60207268 -067.01165834
111  10.60205369 -067.01212373
113  10.60156913 -067.01210050
110 2 0.00 120.0000 New Taxiway 7
111  10.60436361 -066.97305194
112  10.60458794 -066.97306678  10.60469970 -066.97288861
112  10.60448847 -066.97350332  10.60444805 -066.97369584
112  10.60444254 -066.97362668  10.60448479 -066.97346033
113  10.60428542 -066.97324019
110 2 0.00 120.0000 New Taxiway 5
111  10.60387048 -066.97254006
112  10.60398252 -066.97197548  10.60417062 -066.97183453
112  10.60434596 -066.97185711  10.60438419 -066.97185428
112  10.60430593 -066.97201952  10.60407733 -066.97196617
114  10.60401152 -066.97245272  10.60408901 -066.97264540
110 2 0.00 120.0000 New Taxiway 3
111  10.60463836 -066.97210578
111  10.60481028 -066.97215058
114  10.60477350 -066.97230589  10.60478979 -066.97223486
110 2 0.00 120.9200 New Taxiway 37
111  10.60083498 -066.99052187
111  10.60069479 -066.99048270
114  10.60072749 -066.99037441  10.60070731 -066.99044307
110 2 0.00 120.9200 New Taxiway 36
111  10.60063635 -066.99074105
111  10.60065930 -066.99063630
111  10.60079009 -066.99064376
114  10.60081357 -066.99067958  10.60070921 -066.99064843
110 2 0.00 120.9200 New Taxiway 35
111  10.60016308 -066.99050784
111  10.60028683 -066.99053167
114  10.60024719 -066.99067570  10.60025621 -066.99057840
110 2 0.00 120.9200 New Taxiway 34
112  10.60035619 -066.99025728  10.60039228 -066.99017467
111  10.60038767 -066.99022902
111  10.60033375 -066.99039031
113  10.60020344 -066.99034779
110 2 0.00 120.9200 New Taxiway 33
112  10.59922097 -066.98984980  10.59925590 -066.98975206
111  10.59916856 -066.99008527
113  10.59895676 -066.99002307
110 2 0.00 120.9200 New Taxiway 32
112  10.59894585 -066.99017635  10.59880610 -066.99008527
111  10.59913363 -066.99022522
113  10.59906594 -066.99049401
110 2 0.00 120.9200 New Taxiway 31
112  10.59922623 -066.99050882  10.59919110 -066.99062575
111  10.59914107 -066.99046884
111  10.59927606 -066.99025397
113  10.59954403 -066.99032667
110 2 0.00 345.1000 New Taxiway 30
111  10.59957976 -066.99018531
111  10.59930980 -066.99011059
114  10.59937530 -066.98985008  10.59934553 -066.99003789
110 2 0.00 120.9200 New Taxiway 29
112  10.60259819 -066.98111576  10.60265197 -066.98095503
111  10.60256906 -066.98129473
113  10.60238306 -066.98124686
110 2 0.00 120.9200 New Taxiway 28
112  10.60233496 -066.98139635  10.60221121 -066.98137922
111  10.60242251 -066.98132354
111  10.60253027 -066.98144430
113  10.60248705 -066.98161586
110 2 0.00 120.9200 New Taxiway 27
112  10.60148039 -066.98135909  10.60146002 -066.98143577
111  10.60146919 -066.98134665
111  10.60151604 -066.98118602
113  10.60171232 -066.98123726
110 2 0.00 120.9200 New Taxiway 24
111  10.60173132 -066.98108217
111  10.60154558 -066.98103472
114  10.60160161 -066.98084612  10.60159244 -066.98094767
110 2 0.00 120.9200 New Taxiway 23
111  10.60218067 -066.97683723
111  10.60223243 -066.97663911
114  10.60234706 -066.97666921  10.60224722 -066.97664789
110 2 0.00 120.9200 New Taxiway 22
112  10.60235445 -066.97667171  10.60227680 -066.97664914
111  10.60235815 -066.97667171
111  10.60246168 -066.97669805
113  10.60241115 -066.97689366
110 2 0.00 120.9200 New Taxiway 17
111  10.60261965 -066.97671808
111  10.60290268 -066.97679568
112  10.60281554 -066.97680766  10.60265570 -066.97681654
113  10.60255527 -066.97697489
110 2 0.00 120.9200 New Taxiway 16
111  10.60344630 -066.97677718
112  10.60368828 -066.97668926  10.60370996 -066.97659826
111  10.60379039 -066.97686842
111  10.60358890 -066.97733572
112  10.60357070 -066.97721578  10.60354967 -066.97721822
112  10.60354703 -066.97704573  10.60349548 -066.97695834
113  10.60340268 -066.97693870
110 2 0.00 120.9200 New Taxiway 14
111  10.60467918 -066.97195438
112  10.60487836 -066.97186027  10.60491940 -066.97178976
114  10.60488096 -066.97200576  10.60481997 -066.97200595
110 2 0.00 120.0000 New Taxiway 6
111  10.60321795 -067.01215524
112  10.60363414 -067.01146630  10.60365796 -067.01091140
112  10.60369539 -067.01173851  10.60369539 -067.01184755
114  10.60361883 -067.01203759  10.60356065 -067.01214041
110 2 0.00 0.0000 TaxywayB
111  10.60339829 -067.01073586
111  10.60257998 -067.01069013
111  10.60258427 -067.01050116
113  10.60339305 -067.01055141
110 2 0.00 120.0000 New Taxiway 4
111  10.60237510 -066.99658189
111  10.60168415 -066.99654958
111  10.60171766 -066.99646566
111  10.60165847 -066.99638278
111  10.60237130 -066.99640585
113  10.60231549 -066.99650256
110 2 0.25 178.1400 xxx
111  10.60375143 -066.99661964
111  10.60293032 -066.99659543
111  10.60290180 -066.99641746
113  10.60375873 -066.99645083
110 2 0.00 120.0000 New Taxiway 3
111  10.60203621 -067.01228530
111  10.60158860 -067.01223078
111  10.60177969 -067.01214802
111  10.60156913 -067.01210050
111  10.60205369 -067.01212373
113  10.60207284 -067.01217820
110 2 0.25 178.1400 A
111  10.60321225 -067.01232547
111  10.60220698 -067.01229074
111  10.60219698 -067.01212356
113  10.60322261 -067.01215541
110 2 0.00 120.0000 New Taxiway 2
111  10.60270844 -067.00270436
111  10.60363450 -067.00274077
111  10.60363003 -067.00291853
113  10.60273760 -067.00287647
110 2 0.25 178.1400 xxx
111  10.60218174 -067.00286879
111  10.60169392 -067.00284528
111  10.60170723 -067.00267311
113  10.60217794 -067.00269275
110 2 0.25 178.1400 xxx
111  10.60230074 -066.99904722
111  10.60178541 -066.99902620
111  10.60179047 -066.99885626
113  10.60230645 -066.99887119
110 2 0.00 120.0000 New Taxiway 2
112  10.60221999 -067.01180863  10.60222208 -067.01202568
111  10.60261739 -067.01213845
113  10.60219698 -067.01212356
110 2 0.25 88.1400 F
111  10.60203621 -067.01228530 102
111  10.60278704 -066.98883491 102
111  10.60295154 -066.98884034 102
113  10.60220698 -067.01229074 102
110 2 0.25 57.1000 xxx
111  10.60298101 -066.98826133 102
111  10.60424334 -066.98625234 102
111  10.60406244 -066.98686863 102
113  10.60311919 -066.98835228 102
110 2 0.25 345.1000 xxx
111  10.60069479 -066.99048270 102
111  10.60276930 -066.99104014 102
111  10.60272698 -066.99120195 102
113  10.60065930 -066.99063630 102
110 2 0.25 178.1400 xxx
111  10.60394837 -066.99122893 102
111  10.60310139 -066.99121619 102
111  10.60309793 -066.99102987 102
113  10.60395111 -066.99105611 102
110 2 0.25 75.9200 9-27prltxy
111  10.60143115 -066.98080129 102
111  10.60246168 -066.97669805 102
111  10.60261965 -066.97671808 102
113  10.60160161 -066.98084612 102
110 2 0.25 165.9200 xxx
111  10.60340443 -066.97693870
111  10.60224722 -066.97664789
111  10.60227286 -066.97646873
113  10.60344630 -066.97677718
110 2 0.25 120.9200 xxx
111  10.60481028 -066.97215058
111  10.60430593 -066.97201952
111  10.60434596 -066.97185711
113  10.60484604 -066.97200319
110 2 0.25 120.9200 xxx
111  10.60428542 -066.97324019
111  10.60387048 -066.97254006
111  10.60401152 -066.97245272
113  10.60436361 -066.97305194
110 2 0.25 165.9200 xxx
111  10.60253027 -066.98144430
111  10.60151604 -066.98118602
111  10.60154558 -066.98103472
113  10.60256906 -066.98129473
110 2 0.25 88.1400 Apron
111  10.59746293 -067.01206164
111  10.59789731 -066.99845349
111  10.60153533 -066.99857369
113  10.60110095 -067.01218183
110 2 0.25 88.1400 Apron2
111  10.60112125 -067.01144501
111  10.60135595 -067.00341948
111  10.60163417 -067.00343149
113  10.60137786 -067.01143944
110 2 0.25 88.1400 xxx
111  10.59507563 -067.00979872 51
111  10.59542098 -066.99897982 51
111  10.59713992 -066.99903661 51
113  10.59679457 -067.00985551 51
110 2 0.25 88.1400 xxx
111  10.59660986 -067.00841392
111  10.59686617 -067.00038409
111  10.59799569 -067.00042140
113  10.59773937 -067.00845124
110 2 0.25 88.1400 xxx
111  10.60107563 -066.99855693 102
111  10.60126587 -066.99673248 102
111  10.60143890 -066.99672861 102
113  10.60153533 -066.99857375 102
110 2 0.25 75.9200 xxx
111  10.59766669 -066.99042660
111  10.60117670 -066.97618903
111  10.60227286 -066.97646873
113  10.59876285 -066.99070630
110 2 0.25 75.9200 xxx
111  10.59658576 -066.99014680 51
111  10.59783963 -066.98506083 51
111  10.59893578 -066.98534053 51
113  10.59768192 -066.99042650 51
110 2 0.25 108.9200 xxx
111  10.59840172 -066.99623357
111  10.59798814 -066.99500605
111  10.59814383 -066.99495176
113  10.59855740 -066.99617927
110 2 0.25 75.9200 xxx
111  10.59690041 -066.99480043
111  10.59748697 -066.99242120
111  10.59858313 -066.99270090
113  10.59799657 -066.99508013
110 2 0.25 108.9200 xxx
111  10.59768969 -066.99712456
111  10.59690790 -066.99480417
111  10.59782386 -066.99448476
113  10.59860565 -066.99680515
110 2 0.25 165.9200 xxx
111  10.59870622 -066.99739023
111  10.59769786 -066.99713293
111  10.59783933 -066.99655910
113  10.59884769 -066.99681640
110 2 0.25 88.1400 xxx
111  10.60408218 -067.01274152
111  10.60411895 -067.01158959
111  10.60454937 -067.01160381
113  10.60451260 -067.01275574




110 2 0.25 358.1400 xxx
111  10.60490589 -066.98057504
111  10.60506764 -066.98058038
111  10.60505366 -066.98101828
113  10.60489191 -066.98101294
110 2 0.00 120.0000 New Taxiway 2
111  10.60408343 -067.01273214
112  10.60402265 -067.01231360  10.60395253 -067.01233263
111  10.60397123 -067.01232311
111  10.60398058 -067.01185701
112  10.60412083 -067.01157640  10.60413018 -067.01124823
113  10.60415823 -067.01209958
110 2 0.00 120.0000 New Taxiway 10
111  10.59922097 -066.98984980
111  10.59937530 -066.98985008
111  10.59931051 -066.99020578
111  10.59922623 -066.99050882
111  10.59920952 -066.99056154
111  10.59899224 -066.99133872
111  10.59829016 -066.99428849
111  10.59818127 -066.99421269
111  10.59850224 -066.99278102
113  10.59858645 -066.99240405
110 2 0.00 120.0000 New Taxiway 8
111  10.60160161 -066.98084612
111  10.60155044 -066.98105282
111  10.60151604 -066.98118602
111  10.60148039 -066.98135909
111  10.60130970 -066.98131300
113  10.60143115 -066.98080129
110 2 0.00 120.0000 New Taxiway 4
111  10.60411895 -067.01158959
111  10.60412329 -067.01150164
111  10.60455902 -067.01117467
113  10.60454937 -067.01160381
130 Airport Boundary
111  10.60480013 -067.01292996 106
111  10.60415263 -067.01291464 106
111  10.60409993 -067.01349678 106
111  10.60349008 -067.01347381 106
111  10.60336208 -067.01347381 106
111  10.60336961 -067.01273847 106
111  10.60187134 -067.01260059 106
111  10.59725787 -067.01239378 106
111  10.59688142 -067.01237846 106
111  10.59581229 -067.01230186 106
111  10.59585747 -067.01046356 106
111  10.59455725 -067.01039271 106
111  10.59305716 -067.00914213 106
111  10.59379682 -066.99599957 106
111  10.59625224 -066.98666104 106
111  10.59729011 -066.98086989 106
111  10.60137869 -066.96868763 106
111  10.60659950 -066.96897559 106
111  10.60543582 -066.97729437 106
113  10.60571888 -066.98025077 106
120 Linear Feature 30
111  10.59877545 -066.98994431 51 101
115  10.59771587 -066.98966563
120 Linear Feature 29
111  10.59839908 -066.99034503 51 101
116  10.59760149 -066.99013725  10.59758944 -066.99014031
120 Linear Feature 28
111  10.60241864 -066.97660226 51 101
111  10.60239247 -066.97659466 51 101
116  10.60197867 -066.97681885  10.60188335 -066.97718014
120 Linear Feature 26
111  10.59877582 -066.98994306 51 101
111  10.60037351 -066.98339478 51 101
115  10.60197867 -066.97681885
120 Linear Feature 25
111  10.59872436 -066.99016586 51 101
115  10.59877759 -066.98994225
120 Linear Feature 24
111  10.59886149 -066.99008361 51 101
116  10.59877759 -066.98994225  10.59880034 -066.98985149
120 Linear Feature 23
111  10.59872436 -066.99016586 51 101
116  10.59839908 -066.99034503  10.59811791 -066.99027105
120 Linear Feature 22
111  10.59895819 -066.99010699 51 101
112  10.59886149 -066.99008361  10.59885990 -066.99008280 51 101
116  10.59872436 -066.99016586  10.59869820 -066.99026344
120 Linear Feature 20
111  10.60098803 -067.01011121 51 101
112  10.60118471 -067.00923670  10.60119928 -067.00894767 51 101
111  10.60130491 -067.00570903 51 101
112  10.60135590 -067.00362153  10.60133769 -067.00345108 51 101
115  10.60128428 -067.00344663
120 Linear Feature 19
111  10.60085803 -067.01158922 51 101
116  10.60098962 -067.01011458  10.60110886 -067.00995979
120 Linear Feature 18
111  10.60110162 -067.01207108 51 101
116  10.60085803 -067.01158922  10.60088682 -067.01113114
120 Linear Feature 17
111  10.60131700 -067.00262082 51 101
116  10.60123366 -067.00274688  10.60115327 -067.00274824
120 Linear Feature 16
111  10.60131327 -067.00287373 51 101
116  10.60123366 -067.00274688  10.60115693 -067.00274492
120 Linear Feature 15
111  10.59933456 -067.00266941 51 101
116  10.59915395 -067.00249791  10.59916298 -067.00234173
120 Linear Feature 14
111  10.60140916 -067.00275289 51 101
111  10.59997326 -067.00270310 51 101
111  10.59933456 -067.00267247 51 101
116  10.59914191 -067.00285928  10.59913288 -067.00305221
120 Linear Feature 13
111  10.59911170 -067.00383694 51 101
116  10.59930558 -067.00402325  10.59947192 -067.00402705
120 Linear Feature 12
111  10.60067560 -067.00406981 51 101
111  10.59930558 -067.00402325 51 101
116  10.59910095 -067.00421257  10.59910095 -067.00441475
120 Linear Feature 11
111  10.60128428 -067.00344663 51 101
116  10.60067560 -067.00406981  10.60000457 -067.00404779
120 Linear Feature 10
112  10.59887651 -067.01079686  10.59885491 -067.01138318 51 101
116  10.59986879 -067.01202143  10.60025443 -067.01210521
120 Linear Feature 9
111  10.60129757 -066.99856043 51 101
112  10.60107320 -066.99883353  10.60080877 -066.99882538 51 101
112  10.60049533 -066.99881315  10.60029100 -066.99880907 51 101
111  10.59962592 -066.99878462 51 101
112  10.59926529 -066.99941015  10.59923815 -067.00010070 51 101
116  10.59884232 -067.01189679  10.59884079 -067.01200795
120 Linear Feature 7
111  10.60128428 -067.00344663 51 101
111  10.60131240 -067.00287440 51 101
111  10.60131700 -067.00262082 51 101
111  10.60133286 -067.00226048 51 101
111  10.60144644 -066.99924701 51 101
116  10.60163099 -066.99894249  10.60181480 -066.99895141
120 Linear Feature 6
111  10.60140916 -067.00275289 51 101
116  10.60131700 -067.00262082  10.60131996 -067.00249614
120 Linear Feature 4
111  10.60235043 -067.00280601 51 101
112  10.60193486 -067.00277661  10.60192091 -067.00277677 51 101
111  10.60140916 -067.00275289 51 101
116  10.60131240 -067.00287440  10.60130678 -067.00298012
120 Linear Feature 3
111  10.60241889 -067.00275600 51 101
116  10.60235404 -067.00280655  10.60230411 -067.00280481
120 Linear Feature 2
111  10.60248361 -067.00280755 51 101
115  10.60235404 -067.00280655
120 Linear Feature 1
111  10.60241462 -067.00288088 51 101
116  10.60235404 -067.00280655  10.60230045 -067.00280647
120 Linear Feature 6
111  10.60419273 -066.97192291 51 101
116  10.60406918 -066.97199129  10.60401551 -066.97204735
120 Linear Feature 15
111  10.60406918 -066.97199129 51 101
112  10.60395103 -066.97216434  10.60392384 -066.97223077 51 101
112  10.60391657 -066.97235436  10.60392273 -066.97244744 51 101
112  10.60399299 -066.97258148  10.60407009 -066.97270332 51 101
111  10.60430370 -066.97308909 51 101
112  10.60445855 -066.97332729  10.60455008 -066.97346766 51 101
112  10.60459716 -066.97364904  10.60462179 -066.97378315 51 101
116  10.60457818 -066.97393231  10.60455436 -066.97402532
120 Linear Feature 123
111  10.60241889 -067.00275600 51 101
112  10.60244558 -067.00279662  10.60246486 -067.00281062 51 101
115  10.60248361 -067.00280755
120 Linear Feature 122
111  10.60242336 -066.99895549 51 101
116  10.60254586 -066.99879254  10.60254714 -066.99874443
120 Linear Feature 120
111  10.60163099 -066.99894249 51 101
111  10.60191217 -066.99895549 51 101
111  10.60242208 -066.99895549 51 101
116  10.60253500 -066.99913103  10.60252861 -066.99921425
120 Linear Feature 117
111  10.60394837 -066.99122893 54 104
115  10.60395111 -066.99105611
120 Linear Feature 116
111  10.60408777 -066.99114565 51 101
112  10.60425255 -066.99112701  10.60431720 -066.99109759 51 101
112  10.60440933 -066.99096995  10.60442975 -066.99093880 51 101
112  10.60445356 -066.99083150  10.60446207 -066.99080553 51 101
111  10.60446949 -066.99074293 51 101
111  10.60449551 -066.99057997 51 101
112  10.60450800 -066.99050418  10.60450876 -066.99049302 51 101
115  10.60450818 -066.99045443
120 Linear Feature 115
111  10.60312407 -066.99110521 51 101
111  10.60345797 -066.99112524 51 101
111  10.60408777 -066.99114565 51 101
112  10.60428128 -066.99120180  10.60432153 -066.99124838 51 101
111  10.60442160 -066.99140083 51 101
112  10.60446221 -066.99154502  10.60446300 -066.99159670 51 101
111  10.60447213 -066.99163841 51 101
116  10.60447108 -066.99168987  10.60447029 -066.99171328
120 Linear Feature 114
111  10.60278963 -066.99118895 51 101
111  10.60279989 -066.99117875 51 101
116  10.60312407 -066.99110521  10.60318671 -066.99111698
120 Linear Feature 113
111  10.60278659 -066.99119570 51 101
112  10.60276844 -066.99113941  10.60275550 -066.99112401 51 101
116  10.60269696 -066.99110848  10.60265450 -066.99109538
120 Linear Feature 112
111  10.60278659 -066.99119570 51 101
115  10.60279334 -066.99104054
120 Linear Feature 111
111  10.60278659 -066.99119570 51 101
116  10.60278967 -066.99118863  10.60279238 -066.99118863
120 Linear Feature 110
111  10.60321894 -067.01232311 54 104
115  10.60322261 -067.01215541
120 Linear Feature 109
111  10.60335474 -067.01073323 54 104
115  10.60335563 -067.01054805
120 Linear Feature 108
112  10.60363003 -067.00291853  10.60363344 -067.00277843 54 104
116  10.60363499 -067.00274084  10.60363557 -067.00272895
120 Linear Feature 107
111  10.60373629 -067.00282224 51 101
112  10.60393121 -067.00277058  10.60398977 -067.00273151 51 101
116  10.60412854 -067.00253006  10.60413033 -067.00243345
120 Linear Feature 105
111  10.60248361 -067.00280755 51 101
111  10.60273165 -067.00280939 51 101
111  10.60359064 -067.00281938 51 101
111  10.60373629 -067.00282224 51 101
116  10.60410464 -067.00317840  10.60409480 -067.00331857
120 Linear Feature 104
111  10.60241462 -067.00288088 51 101
112  10.60243689 -067.00283257  10.60245242 -067.00281408 51 101
116  10.60248361 -067.00280755  10.60249979 -067.00280772
120 Linear Feature 103
111  10.60237145 -067.01059881 51 101
116  10.60217180 -067.01045279  10.60217246 -067.01038874
120 Linear Feature 102
111  10.60215958 -067.01075772 51 101
111  10.60216687 -067.01060639 51 101
115  10.60261414 -066.99666416
120 Linear Feature 101
111  10.60211812 -067.01211414 51 101
116  10.60193922 -067.01221034  10.60185788 -067.01220916
120 Linear Feature 100
111  10.60215958 -067.01075772 51 101
111  10.60214368 -067.01126858 51 101
111  10.60211812 -067.01211414 51 101
116  10.60232153 -067.01221784  10.60240518 -067.01222494
120 Linear Feature 99
111  10.60359121 -067.01064041 51 101
111  10.60318388 -067.01063027 51 101
111  10.60237145 -067.01059881 51 101
116  10.60215958 -067.01075772  10.60215649 -067.01091033
120 Linear Feature 98
111  10.60384252 -067.01136292 51 101
116  10.60359121 -067.01064041  10.60332526 -067.01063584
120 Linear Feature 97
112  10.60325294 -067.01223123  10.60377019 -067.01210518 51 101
116  10.60384252 -067.01136292  10.60384750 -067.01113740
120 Linear Feature 96
111  10.60325294 -067.01223123 51 101
111  10.60358980 -067.01223350 51 101
116  10.60382245 -067.01205479  10.60382743 -067.01188748
120 Linear Feature 94
111  10.60110162 -067.01207108 51 101
111  10.60153812 -067.01218538 51 101
111  10.60276155 -067.01222648 51 101
115  10.60325470 -067.01222985
120 Linear Feature 93
111  10.59884232 -067.01189679 51 101
116  10.60110162 -067.01207108  10.60145302 -067.01208794
120 Linear Feature 92
111  10.60477427 -066.98214059 51 101
115  10.60478470 -066.98188743
120 Linear Feature 91
111  10.60502411 -066.98164284 56 106
111  10.60506090 -066.98076706 56 106
115  10.60506826 -066.98058136
120 Linear Feature 90
111  10.60478470 -066.98188743 51 101
115  10.60479239 -066.98159280
120 Linear Feature 89
111  10.60492129 -066.98154983 51 101
116  10.60478470 -066.98188561  10.60478699 -066.98198902
120 Linear Feature 88
111  10.60512619 -066.98141207 51 101
116  10.60492157 -066.98154972  10.60487261 -066.98166430
120 Linear Feature 87
111  10.60519609 -066.98118841 51 101
116  10.60512619 -066.98141207  10.60504571 -066.98143977
120 Linear Feature 86
111  10.60520093 -066.98102758 51 101
115  10.60519609 -066.98118841
120 Linear Feature 85
111  10.60509037 -066.98065901 51 101
116  10.60520093 -066.98102758  10.60519414 -066.98127236
120 Linear Feature 84
111  10.60479239 -066.98159280 51 101
111  10.60481262 -066.98080123 51 101
111  10.60487332 -066.98068521 51 101
116  10.60509037 -066.98065901  10.60517498 -066.98076193
120 Linear Feature 83
111  10.60406244 -066.98686863 54 104
115  10.60393369 -066.98676826
120 Linear Feature 82
111  10.60375143 -066.99661964 54 104
115  10.60375873 -066.99645083
120 Linear Feature 81
111  10.60430147 -066.99707165 51
111  10.60430957 -066.99686992 51
116  10.60406356 -066.99655340  10.60389486 -066.99653000
120 Linear Feature 80
111  10.60073224 -066.99066272 54 104
115  10.60077385 -066.99050054
120 Linear Feature 79
111  10.59944139 -066.99647733 54 104
115  10.59944893 -066.99631118
120 Linear Feature 78
111  10.60262537 -066.99634081 51 101
115  10.60278212 -066.99131340
120 Linear Feature 77
111  10.60450510 -066.98607106 51 101
116  10.60466056 -066.98569990  10.60466360 -066.98558855
120 Linear Feature 76
111  10.60419010 -066.98651961 51 101
115  10.60450657 -066.98607275
120 Linear Feature 75
111  10.60462403 -066.98682963 51 101
115  10.60463012 -066.98671364
120 Linear Feature 74
111  10.60445362 -066.98637455 51 101
116  10.60463012 -066.98671364  10.60462930 -066.98677489
120 Linear Feature 73
112  10.60419010 -066.98651961  10.60420803 -066.98649368 51 101
112  10.60427105 -066.98642872  10.60432342 -066.98638935 51 101
116  10.60445362 -066.98637455  10.60448404 -066.98642650
120 Linear Feature 71
111  10.60306018 -066.98827473 51 101
115  10.60419010 -066.98651961
120 Linear Feature 70
112  10.60286379 -066.98881240  10.60288031 -066.98870724 51 101
116  10.60306018 -066.98827473  10.60316457 -066.98813082
120 Linear Feature 69
111  10.60286333 -066.98881283 51 101
115  10.60286162 -066.98886434
120 Linear Feature 68
111  10.60279334 -066.99104054 51 101
115  10.60286162 -066.98886434
120 Linear Feature 67
111  10.60269696 -066.99110848 51 101
111  10.60274676 -066.99109866 51 101
116  10.60279334 -066.99104054  10.60279342 -066.99099264
120 Linear Feature 66
111  10.60278659 -066.99119570 51 101
115  10.60278212 -066.99131340
120 Linear Feature 63
111  10.59964327 -066.99027294 51 101
111  10.60043085 -066.99049239 51 101
115  10.60269692 -066.99110837
120 Linear Feature 62
111  10.60016308 -066.99050784 54 104
115  10.60020344 -066.99034779
120 Linear Feature 61
112  10.59846250 -066.99732590  10.59855792 -066.99694644 54 104
115  10.59860996 -066.99675229
120 Linear Feature 60
111  10.59858786 -066.99644815 54 104
115  10.59859546 -066.99628267
120 Linear Feature 57
111  10.60406356 -066.99655340 51 101
115  10.60250508 -066.99649176
120 Linear Feature 56
111  10.60406356 -066.99655340 51
116  10.60432796 -066.99620509  10.60433518 -066.99599435
120 Linear Feature 54
111  10.60261414 -066.99666416 51 101
111  10.60262537 -066.99634081 51 101
116  10.60250729 -066.99649513  10.60237927 -066.99649004
120 Linear Feature 53
111  10.60234539 -066.99648800 51 101
111  10.60250729 -066.99649513 51 101
116  10.60261414 -066.99666416  10.60261159 -066.99679843
120 Linear Feature 52
111  10.60148779 -066.99644781 51 101
115  10.60235286 -066.99648884
120 Linear Feature 51
111  10.60121404 -066.99643677 51 101
111  10.60128142 -066.99643808 51 101
116  10.60148779 -066.99644781  10.60157578 -066.99645153
120 Linear Feature 47
111  10.59891612 -066.99636843 51 101
111  10.59870759 -066.99635798 51 101
111  10.59860841 -066.99635209 51 101
111  10.59839606 -066.99633948 51 101
111  10.59809848 -066.99631868 51 101
116  10.59770576 -066.99574832  10.59753865 -066.99531170
120 Linear Feature 46
111  10.59949508 -066.99637916 51 101
111  10.59917958 -066.99637565 51 101
115  10.59891612 -066.99636843
120 Linear Feature 45
111  10.59900756 -066.99651701 51 101
116  10.59891612 -066.99636843  10.59883105 -066.99636391
120 Linear Feature 44
111  10.59898144 -066.99662042 51 101
111  10.59900756 -066.99651701 51 101
116  10.59917958 -066.99637565  10.59933160 -066.99639091
120 Linear Feature 43
111  10.59881703 -066.99688117 51 101
111  10.59895863 -066.99667441 51 101
116  10.59898106 -066.99662141  10.59899186 -066.99657927
120 Linear Feature 35
111  10.59964001 -066.99027393 51 101
115  10.59895816 -066.99010640
120 Linear Feature 36
112  10.59895816 -066.99010640  10.59896006 -066.99011275 51 101
116  10.59927711 -066.99001123  10.59937821 -066.98990062
120 Linear Feature 34
111  10.59917122 -066.99043841 51 101
116  10.59895816 -066.99010640  10.59882044 -066.99007007
120 Linear Feature 33
112  10.59927711 -066.99001123  10.59927537 -066.99001655 51 101
115  10.59917122 -066.99043841
120 Linear Feature 32
111  10.59964001 -066.99027393 51 101
116  10.59917122 -066.99043841  10.59909794 -066.99073661
120 Linear Feature 31
111  10.59929805 -066.98992071 51 101
111  10.59927711 -066.99001123 51 101
116  10.59964001 -066.99027393  10.59996278 -066.99036090
120 Linear Feature 30
111  10.60140006 -066.98125900 51 101
111  10.60123879 -066.98190985 51 101
111  10.59933763 -066.98976601 51 101
115  10.59929707 -066.98991876
120 Linear Feature 28
111  10.60265939 -066.98127273 1 101
116  10.60283858 -066.98097373  10.60286238 -066.98085245
120 Linear Feature 27
111  10.60263184 -066.98182109 51 101
116  10.60238320 -066.98132836  10.60208311 -066.98119168
120 Linear Feature 26
111  10.60361054 -066.97690653 51 101
116  10.60376841 -066.97720060  10.60374510 -066.97729371
120 Linear Feature 25
111  10.60273028 -066.97667832 51 101
111  10.60361054 -066.97690653 51 101
116  10.60388242 -066.97673520  10.60392848 -066.97654581
120 Linear Feature 23
111  10.60238320 -066.98132836 51 101
116  10.60265939 -066.98127273  10.60275683 -066.98114585
120 Linear Feature 17
111  10.60252713 -066.97684005 51 101
115  10.60148013 -066.98093493
120 Linear Feature 20
111  10.60140006 -066.98125900 1 101
115  10.60148013 -066.98093493
120 Linear Feature 21
111  10.60166233 -066.98113399 51 101
115  10.60238320 -066.98132836
120 Linear Feature 19
111  10.60166233 -066.98113399 51 101
116  10.60140006 -066.98125900  10.60134763 -066.98146437
120 Linear Feature 18
111  10.60148013 -066.98093493 51 101
116  10.60166233 -066.98113399  10.60181963 -066.98117667
120 Linear Feature 16
111  10.60252713 -066.97684005 51 101
116  10.60241941 -066.97660363  10.60225716 -066.97656635
120 Linear Feature 14
111  10.60463846 -066.97210407 54 104
115  10.60467918 -066.97195438
120 Linear Feature 11
111  10.60419273 -066.97192291 51 101
112  10.60441906 -066.97195257  10.60457946 -066.97197835 51 101
115  10.60474746 -066.97204815
120 Linear Feature 13
111  10.60428542 -066.97324019 54 104
115  10.60436361 -066.97305194
120 Linear Feature 12
111  10.60474746 -066.97204815 1 101
112  10.60488830 -066.97221678  10.60491210 -066.97232747 1 101
116  10.60485090 -066.97279097  10.60475911 -066.97315071
120 Linear Feature 49
112  10.60121398 -066.99643669  10.60129739 -066.99643854 51 101
116  10.60136049 -066.99653931  10.60135805 -066.99664908
120 Linear Feature 48
111  10.59949511 -066.99637890 51 101
111  10.59964145 -066.99638451 51 101
115  10.60121398 -066.99643669
120 Linear Feature 59
112  10.60261414 -066.99666416  10.60261544 -066.99662783 51 101
116  10.60284963 -066.99650812  10.60289970 -066.99649304
120 Linear Feature 58
111  10.60262537 -066.99634081 51 101
112  10.60265680 -066.99639457  10.60265831 -066.99639686 51 101
116  10.60284963 -066.99650812  10.60290870 -066.99652610
120 Linear Feature 119
111  10.60136049 -066.99653931 51 101
112  10.60138951 -066.99649021  10.60139236 -066.99648551 51 101
116  10.60147242 -066.99644668  10.60151885 -066.99643759
120 Linear Feature 118
111  10.60136049 -066.99653931 51 101
111  10.60135169 -066.99692387 51 101
111  10.60129581 -066.99856301 51 101
111  10.60130031 -066.99860667 51 101
116  10.60162869 -066.99894177  10.60181020 -066.99894999
120 Linear Feature 64
111  10.60280062 -066.99087667 51 101
116  10.60312407 -066.99110521  10.60314524 -066.99110243
120 Linear Feature 15
111  10.60252713 -066.97684005 51 101
116  10.60273028 -066.97667832  10.60287108 -066.97671543
120 Linear Feature 41
111  10.59809487 -066.99674398 51 101
111  10.59770576 -066.99574832 51 101
111  10.59764602 -066.99554260 51 101
112  10.59778848 -066.99431320  10.59786727 -066.99421805 51 101
112  10.59808397 -066.99416305  10.59826272 -066.99403865 51 101
112  10.59828519 -066.99391915  10.59833720 -066.99370655 51 101
115  10.59858313 -066.99270090
120 Linear Feature 40
112  10.59881703 -066.99688117  10.59869041 -066.99708787 51 101
116  10.59809034 -066.99674773  10.59795247 -066.99634565
120 Linear Feature 39
111  10.59917122 -066.99043841 51 101
111  10.59883230 -066.99171680 51 101
115  10.59858313 -066.99270090
120 Linear Feature 38
112  10.60228713 -066.98138217  10.60229177 -066.98137981 54 104
115  10.60232660 -066.98122625
120 Linear Feature 37
112  10.60340268 -066.97693870  10.60340443 -066.97693870 54 104
115  10.60344630 -066.97677718
21  10.60429575 -067.00976727 2 88.1400 3.0 10  PAPI-4L
21  10.60435977 -066.98258663 2 268.1500 3.0 28  PAPI-4L
20  10.60205966 -066.99624503 1.2700 0 2 {@Y}{^l}F{^r}10-28{^u}{@L}D
20  10.60082493 -066.99623405 357.1400 0 2 {@Y}{^l}H{@L}D{@Y}{^u}10-28{^d}09-27
20  10.59970796 -066.99662784 179.5500 0 2 {@R}09-27{@L}D
20  10.59796259 -066.99593984 289.2200 0 2 {@Y}09-27{^ru}{^r}{@L}J
20  10.60299104 -066.99046791 268.8200 0 2 {@Y}{^l}E/09-27{@L}F{@Y}E/10-28{^r}
20  10.59965496 -066.98948355 254.7200 0 2 {@Y}09-27/10-28{^r}E
20  10.60195064 -066.98033397 256.3000 0 2 {@Y}09-27{^r}L
20  10.59930255 -066.99094395 74.0300 0 2 {@Y}09-27_10-28_E{^l}
20  10.60161035 -066.98155467 75.1000 0 2 {@Y}09-27{^l}L
20  10.60267341 -066.97731959 75.4700 0 2 {@Y}{^l}09-27_M
20  10.60407480 -066.97451382 76.8300 0 1 {@Y}N{^r}
20  10.60458753 -066.97178414 345.2400 0 2 {@L}N{@R}09-27
20  10.60417215 -066.97318098 306.3600 0 2 {@R}09-27{@L}N
20  10.60282205 -066.99854219 269.4800 0 2 {@Y}APRON-G{^l}{@L}F
20  10.60228616 -066.99964305 87.0600 0 2 {@Y}APRON-G{^r}{@L}F
20  10.60136064 -066.99614211 87.5800 0 2 {hazard}
20  10.60236222 -066.98106724 344.3600 0 2 {@R}9-27
20  10.60018640 -066.99018817 -16.3700 0 2 {@R}09-27
20  10.60080489 -066.99091489 166.1400 0 2 {@R}09-27
20  10.60321704 -066.99140099 178.6700 0 2 {@Y}{^u}9-27{@L}E{@Y}{^l}F{^r}
20  10.60215073 -066.99123747 167.1600 0 2 {@Y}{^u}9-27{@L}E
20  10.60239436 -066.99198572 87.1500 0 2 {@L}F{@Y}{^l}E{^r}
20  10.60257736 -066.98939490 89.4100 0 2 {@R}10-28{^lu}{@L}F
20  10.60372259 -066.98674038 57.7300 0 2 {@R}10-28{@L}F
20  10.60391616 -066.99080131 358.1300 0 2 {@R}10-28{@L}E
20  10.60370277 -066.99641002 357.2300 0 2 {@R}10-28{@L}D
20  10.60362902 -067.00255553 -0.6700 0 2 {@R}10-28{@L}C
20  10.60329338 -067.01044714 -2.3700 0 2 {@R}10-28{@L}B
20  10.60237215 -067.01140352 265.7300 0 2 {@Y}10-28_A{^r}
20  10.60157177 -067.01196418 358.4700 0 2 {@Y}10-28{^u}F{^r}{@L}A
20  10.60315486 -067.01201218 358.1900 0 2 {@R}28
20  10.60201919 -066.99872730 178.0300 0 2 {@Y}APRON{^r}H{^l}{@L}G
20  10.60220433 -066.99919225 357.1100 0 2 {@Y}{^l}F{^r}
20  10.60283664 -066.99584681 268.2000 0 2 {@L}F{@Y}{^l}09-27|{^l}D{^r}_10-28{^r}
20  10.60241182 -066.99691985 87.6000 0 2 {@L}F{@Y}{^l}D{^r}
20  10.60156101 -066.99685766 90.3200 0 2 {@L}H{@Y}{^l}D{^r}
20  10.60284297 -067.00252939 177.8800 0 2 {@Y}{^l}F{^r}{@L}D{@Y}APRON{^u}
20  10.60194874 -067.00255188 357.8000 0 2 {@Y}{^l}F{^r}{@L}D{@Y}10-28{^u}
20  10.60221494 -067.00190014 267.8900 0 2 {@Y}C-10-28{^r}{@L}F{@Y}APRON-C{^l}
20  10.60220748 -067.00315264 88.0200 0 2 {@Y}C-10-28{^l}{@L}F{@Y}APRON-C{^r}
20  10.60200264 -067.00987004 267.7700 0 2 {@L}F{@Y}B{^r}
20  10.60187293 -067.01117899 87.7600 0 2 {@L}F{@Y}B{^l}
14  10.59568438 -066.99729570   0.00 0 Tower Viewpoint
18  10.59561731 -066.99771413 1 BCN
19  10.60532416 -066.98198477 0 New Windsock 14
19  10.60294685 -067.01145892 0 New Windsock 13
19  10.59928151 -066.99710047 0 New Windsock 12
19  10.60133377 -066.98410866 1 Windsock
19  10.60322477 -067.00049366 1 Windsock
50 11480 ATIS
52 11950 CLD
53 12190 GND
54 11840 MAIQUETIA TWR
55 12040 MAIQUETIA APP
56 11840 MAIQUETIA DEP
51 12880 MAIQUETIA UNICOM
99