I
850 Generated by WorldEditor

1   2736 1 0 SVFM Caracas Generalisimo Francisco De Mira
100 42.67 1 1 0.25 0 0 0 11  10.48692916 -066.85233959  192    0 2 0 0 0 29  10.48313784 -066.83469352  204    0 2 0 0 0
110 2 0.00 120.0000 New Taxiway 24
111  10.48471135 -066.84447050
111  10.48466095 -066.84448419
111  10.48348308 -066.84114480
113  10.48397949 -066.84100274
110 2 0.00 120.0000 New Taxiway 23
111  10.48590782 -066.85124830
111  10.48600969 -066.85181752
111  10.48607426 -066.85179414
111  10.48619550 -066.85229569
111  10.48567151 -066.85246328
111  10.48482616 -066.84842382
111  10.48477720 -066.84754870
111  10.48449602 -066.84754051
111  10.48477100 -066.84479340
111  10.48520240 -066.84681551
111  10.48520048 -066.84815727
113  10.48552471 -066.84955891
110 2 0.00 120.0000 New Taxiway 21
111  10.48552208 -066.84841074
112  10.48524068 -066.84840665  10.48525676 -066.84855792
111  10.48520048 -066.84815727
114  10.48543364 -066.84800191  10.48539746 -066.84776889
110 2 0.00 120.0000 New Taxiway 20
111  10.48615882 -066.85141995
111  10.48594158 -066.85144898
111  10.48590782 -066.85124830
113  10.48612349 -066.85122795
110 2 0.00 120.0000 New Taxiway 19
111  10.48579667 -066.84967284
111  10.48554620 -066.84971781
111  10.48552471 -066.84955891
113  10.48576783 -066.84952567
110 2 0.00 120.0000 New Taxiway 16
111  10.48529951 -066.84611588
112  10.48520235 -066.84638872  10.48524152 -066.84658789
111  10.48508873 -066.84587869
114  10.48523878 -066.84590505  10.48528973 -066.84578317
110 2 0.00 120.0000 New Taxiway 15
111  10.48380310 -066.84020064
112  10.48365833 -066.84001880  10.48362202 -066.83982495
113  10.48375694 -066.83998229
110 2 0.00 120.0000 New Taxiway 18
111  10.48640342 -066.85127503
112  10.48625683 -066.85129572  10.48627183 -066.85145065
111  10.48621484 -066.85115831
111  10.48619779 -066.85105149
114  10.48635821 -066.85104774  10.48635086 -066.85092891
110 2 0.00 120.0000 New Taxiway 17
111  10.48627677 -066.85138804
112  10.48639392 -066.85146561  10.48652984 -066.85141340
111  10.48647148 -066.85156890
111  10.48614976 -066.85167545
112  10.48600969 -066.85181752  10.48602175 -066.85193200
111  10.48596794 -066.85160098
112  10.48612162 -066.85156507  10.48616598 -066.85154315
113  10.48615882 -066.85141995
110 2 0.00 120.0000 New Taxiway 14
111  10.48375694 -066.83998229
112  10.48399150 -066.84003762  10.48415744 -066.83999191
111  10.48402688 -066.84017460
112  10.48391941 -066.84033271  10.48396363 -066.84053957
111  10.48457651 -066.84334450
111  10.48627677 -066.85138804
113  10.48615882 -066.85141995
110 2 0.00 120.0000 New Taxiway 11
111  10.48296858 -066.83703570
111  10.48292098 -066.83682233
112  10.48300143 -066.83681184  10.48300168 -066.83681172
111  10.48328611 -066.83676359
111  10.48332324 -066.83692723
112  10.48313282 -066.83696752  10.48307918 -066.83698010
113  10.48309770 -066.83700119
110 2 0.00 120.0000 New Taxiway 10
111  10.48309770 -066.83700119
111  10.48375694 -066.83998229
111  10.48365833 -066.84001880
113  10.48296858 -066.83703570
110 2 0.00 120.0000 New Taxiway 6
111  10.48379047 -066.83645032
111  10.48399267 -066.83609241
111  10.48377803 -066.83545348
112  10.48338477 -066.83423616  10.48335892 -066.83409595
112  10.48341924 -066.83362273  10.48353988 -066.83367531
111  10.48378116 -066.83403647
111  10.48393470 -066.83450173
111  10.48367776 -066.83457104
111  10.48380153 -066.83487457
111  10.48400834 -066.83480287
111  10.48461599 -066.83662625
113  10.48391000 -066.83698153
110 2 0.00 120.0000 New Taxiway 5
112  10.48445281 -066.83946786  10.48452623 -066.83968154
111  10.48460050 -066.83966266
111  10.48502612 -066.83957270
111  10.48474838 -066.83834872
111  10.48555312 -066.83813868
111  10.48565283 -066.83839217
111  10.48608725 -066.83831250
111  10.48638636 -066.83946406
112  10.48472504 -066.83995655  10.48463246 -066.84000725
113  10.48468696 -066.84058116
110 2 0.00 120.0000 New Taxiway 4
111  10.48662416 -066.84464707
111  10.48644916 -066.84361668
111  10.48541329 -066.84328149
112  10.48524285 -066.84361809  10.48528633 -066.84397124
111  10.48508862 -066.84292016
112  10.48551915 -066.84304900  10.48587818 -066.84316273
111  10.48663750 -066.84312586
111  10.48788526 -066.84303010
111  10.48790596 -066.84500895
111  10.48687677 -066.84513420
113  10.48683604 -066.84462313
110 2 0.00 120.0000 New Taxiway 3
111  10.48558240 -066.84517979
112  10.48599439 -066.84524563  10.48629456 -066.84500621
111  10.48662416 -066.84464707
111  10.48683604 -066.84462313
111  10.48587668 -066.84549703
114  10.48573169 -066.84587428  10.48577289 -066.84608378
120 Linear Feature 39
111  10.48418420 -066.83683595 4
115  10.48399345 -066.83608772
120 Linear Feature 38
111  10.48473001 -066.83995958 4
115  10.48465807 -066.83964864
120 Linear Feature 35
111  10.48633442 -066.85123060 4
115  10.48631090 -066.85109771
120 Linear Feature 34
111  10.48641646 -066.85158865 4
115  10.48639392 -066.85146561
120 Linear Feature 33
111  10.48546047 -066.84315041 51
116  10.48484059 -066.84265414  10.48476145 -066.84213774
120 Linear Feature 32
111  10.48644304 -066.84341867 51
111  10.48546047 -066.84315041 51
116  10.48509118 -066.84377411  10.48522966 -066.84446487
120 Linear Feature 31
111  10.48538983 -066.84823542 51
116  10.48549952 -066.84801443  10.48546800 -066.84781049
120 Linear Feature 30
111  10.48558272 -066.84840616 51
112  10.48538983 -066.84823542  10.48524275 -066.84826107 51
111  10.48524275 -066.84826107 51
115  10.48524065 -066.84826107
120 Linear Feature 29
111  10.48570278 -066.84961470 51
116  10.48580718 -066.84946295  10.48579617 -066.84936186
120 Linear Feature 28
111  10.48585730 -066.84969892 51
112  10.48570278 -066.84961470  10.48559319 -066.84963328 51
115  10.48555450 -066.84963466
120 Linear Feature 27
111  10.48610863 -066.85131458 51
116  10.48614865 -066.85107531  10.48609656 -066.85086339
120 Linear Feature 25
111  10.48622691 -066.85142885 51
112  10.48610863 -066.85131458  10.48603139 -066.85132403 51
115  10.48595032 -066.85134096
120 Linear Feature 24
111  10.48652225 -066.85148203 51
116  10.48666683 -066.85113789  10.48658992 -066.85082190
120 Linear Feature 23
111  10.48622691 -066.85142885 51
116  10.48652225 -066.85148203  10.48680219 -066.85137566
120 Linear Feature 22
111  10.48629016 -066.85115040 51
116  10.48622691 -066.85142885  10.48627613 -066.85170729
120 Linear Feature 21
111  10.48622691 -066.85142885 51
115  10.48614960 -066.85107509
120 Linear Feature 20
111  10.48599926 -066.85165724 51
116  10.48622691 -066.85142885  10.48618692 -066.85123487
120 Linear Feature 19
111  10.48614865 -066.85107531 51
112  10.48629016 -066.85115040  10.48641937 -066.85111286 51
116  10.48660838 -066.85087821  10.48655301 -066.85062479
120 Linear Feature 17
111  10.48511906 -066.84622318 51
115  10.48614960 -066.85107509
120 Linear Feature 16
111  10.48505312 -066.84588029 51
115  10.48511863 -066.84621849
120 Linear Feature 15
111  10.48521055 -066.84603086 51
116  10.48511863 -066.84621849  10.48514680 -066.84635114
120 Linear Feature 14
111  10.48524875 -066.84616101 4
115  10.48520291 -066.84595172
120 Linear Feature 13
111  10.48521055 -066.84603086 51
116  10.48563881 -066.84632918  10.48571995 -066.84667320
120 Linear Feature 12
111  10.48505312 -066.84588029 51
112  10.48521055 -066.84603086  10.48534044 -066.84599977 51
116  10.48547917 -066.84556310  10.48544861 -066.84542906
120 Linear Feature 10
111  10.48401618 -066.84098631 51
115  10.48505312 -066.84588029
120 Linear Feature 9
111  10.48397487 -066.84017075 4
115  10.48395424 -066.84004593
120 Linear Feature 8
111  10.48392458 -066.84011392 51
116  10.48434365 -066.84030432  10.48439196 -066.84051634
120 Linear Feature 6
111  10.48372212 -066.83999242 51
112  10.48378468 -066.84009802  10.48383636 -066.84012974 51
112  10.48385686 -066.84020587  10.48386309 -066.84023486 51
115  10.48401426 -066.84098451
120 Linear Feature 4
111  10.48307438 -066.83719702 51
111  10.48372212 -066.83999242 51
112  10.48392458 -066.84011392  10.48411368 -066.84007332 51
116  10.48423673 -066.83977307  10.48418277 -066.83952921
120 Linear Feature 3
111  10.48307438 -066.83719702 51
111  10.48304088 -066.83701531 51
112  10.48312748 -066.83687954  10.48324660 -066.83685304 51
111  10.48330517 -066.83684496 51
112  10.48362594 -066.83698913  10.48366932 -066.83717528 51
115  10.48368113 -066.83723866
120 Linear Feature 2
111  10.48590293 -066.84538249 51
116  10.48557936 -066.84602183  10.48566050 -066.84636585
120 Linear Feature 1
111  10.48666592 -066.84470731 51
111  10.48590293 -066.84538249 51
116  10.48541476 -066.84528094  10.48533311 -066.84486550
120 Linear Feature 7
111  10.48322572 -066.83694695 4
115  10.48319399 -066.83677894
120 Linear Feature 37
111  10.48541329 -066.84328149 4
115  10.48547921 -066.84303487
120 Linear Feature 36
111  10.48587668 -066.84549703 4
115  10.48583397 -066.84533192
21  10.48654794 -066.84870679 2 102.3200 3.0 11  PAPI-4L
14  10.48476500 -066.84756900   0.00 0 Tower Viewpoint
19  10.48713600 -066.85076700 0 Windsock
19  10.48413971 -066.83705691 0 Windsock
50 12740 ATIS
53 12180 GND
54 11880 MIRANDA TWR

1    230 1 0 SVMI Caracas Simon Bolivar Intl
100 45.11 1 0 0.25 0 3 1 10  10.60379977 -067.01273666    0   61 3 7 0 2 28  10.60481877 -066.98076966  496   61 2 0 0 2
100 44.20 1 0 0.25 0 2 0 09  10.59872477 -066.99766205  113    0 2 0 0 0 27  10.60527477 -066.97109305    0    0 2 0 0 2
110 2 0.00 120.0000 New Taxiway 7
112  10.60281824 -066.99082140  10.60275230 -066.99074125
111  10.60271889 -066.99085069
111  10.60278704 -066.98883491
112  10.60284727 -066.98891756  10.60287464 -066.98893765
111  10.60295154 -066.98884034
113  10.60288843 -066.99088443
110 2 0.00 120.0000 New Taxiway 6
111  10.60271736 -066.99622401
111  10.60256905 -066.99600735
111  10.60269639 -066.99138643
112  10.60278252 -066.99142699  10.60285735 -066.99149331
113  10.60286942 -066.99138256
110 2 0.00 120.0000 FoxtrotSeg
112  10.60243986 -067.00244761  10.60240564 -067.00239975
111  10.60234526 -067.00250124
111  10.60245856 -066.99928903
111  10.60246997 -066.99870676
111  10.60252531 -066.99676566
112  10.60261875 -066.99681808  10.60268458 -066.99685174
111  10.60269834 -066.99676179
113  10.60252400 -067.00251091
110 2 0.00 120.0000 FoxtrotSet2
111  10.60220698 -067.01229074
111  10.60203621 -067.01228530
111  10.60207284 -067.01217820
111  10.60205369 -067.01212373
111  10.60206047 -067.01174664
111  10.60233195 -067.00305256
111  10.60243561 -067.00310501
112  10.60250498 -067.00304869  10.60252147 -067.00295307
111  10.60227449 -067.01015574
111  10.60217180 -067.01045279
111  10.60215958 -067.01075772
111  10.60225148 -067.01102817
111  10.60221999 -067.01180863
113  10.60219698 -067.01212356
110 2 0.00 120.0000 New Taxiway 1
111  10.60127864 -066.99617917
111  10.60128585 -066.99597930
111  10.60146429 -066.99598663
113  10.60146068 -066.99623051
110 2 0.00 120.0000 New Taxiway 13
111  10.59798814 -066.99500605
111  10.59801736 -066.99488622
112  10.59813943 -066.99486905  10.59812939 -066.99494801
113  10.59814383 -066.99495176
110 2 0.00 120.0000 New Taxiway 12
111  10.59801736 -066.99488622
111  10.59818127 -066.99421269
111  10.59829016 -066.99428849
113  10.59813943 -066.99486905
110 2 0.00 120.0000 New Taxiway 9
111  10.59937530 -066.98985008
111  10.59922097 -066.98984980
111  10.60130970 -066.98131300
113  10.60148039 -066.98135909
110 2 0.00 120.0000 New Taxiway 7
111  10.59885746 -066.99013448
111  10.59885961 -066.99007972
111  10.59889406 -066.99000305
111  10.59895676 -066.99002307
111  10.59916856 -066.99008527
113  10.59913363 -066.99022522
110 2 0.00 120.0000 New Taxiway 6
111  10.60028683 -066.99053167
111  10.60016308 -066.99050784
111  10.59954403 -066.99032667
111  10.59927606 -066.99025397
111  10.59930980 -066.99011059
111  10.59957976 -066.99018531
111  10.60020344 -066.99034779
113  10.60033375 -066.99039031
110 2 0.00 120.0000 New Taxiway 5
111  10.60109527 -066.99652798
111  10.59944139 -066.99647733
111  10.59949508 -066.99637916
111  10.59944893 -066.99631118
111  10.60108740 -066.99637268
113  10.60104174 -066.99644230
110 2 0.00 120.0000 Alphapart2
111  10.60158860 -067.01223078
111  10.60103197 -067.01217872
111  10.60103993 -067.01179034
114  10.60155360 -067.01207418  10.60201131 -067.01209508
110 2 0.00 120.0000 New Taxiway 29
112  10.60278704 -066.98883491  10.60277034 -066.98859134
111  10.60298101 -066.98826133
112  10.60311919 -066.98835228  10.60294380 -066.98858735
113  10.60295154 -066.98884034
110 2 0.00 120.0000 New Taxiway 28
111  10.59828665 -066.99263709
112  10.59858645 -066.99240405  10.59864708 -066.99212304
111  10.59866055 -066.99243147
113  10.59850224 -066.99278102
110 2 0.00 120.0000 New Taxiway 27
111  10.60501082 -066.98058976 104
112  10.60504474 -066.98048561  10.60508223 -066.98048605 104
112  10.60518692 -066.98054434  10.60528978 -066.98062995 104
112  10.60529385 -066.98075435  10.60529793 -066.98087875 104
112  10.60528978 -066.98128098  10.60528570 -066.98160027 104
111  10.60502306 -066.98164097 104
113  10.60498079 -066.98163955 104
110 2 0.00 120.0000 New Taxiway 26
111  10.60441254 -066.98723127
111  10.60436437 -066.98678267
112  10.60406244 -066.98686863  10.60375120 -066.98738885
111  10.60424334 -066.98625234
112  10.60445087 -066.98578078  10.60444472 -066.98553177
113  10.60450510 -066.98607106
110 2 0.00 120.0000 New Taxiway 25
111  10.59944139 -066.99647733
112  10.59916237 -066.99672495  10.59909910 -066.99694896
111  10.59898144 -066.99662042
111  10.59909657 -066.99612762
111  10.59931675 -066.99608642
114  10.59944893 -066.99631118  10.59963874 -066.99631375
110 2 0.00 120.0000 New Taxiway 24
111  10.59861006 -066.99675985
112  10.59877431 -066.99663016  10.59880883 -066.99647462
112  10.59847610 -066.99645981  10.59832801 -066.99645920
111  10.59840920 -066.99627975
112  10.59890225 -066.99605325  10.59897129 -066.99578231
111  10.59891612 -066.99636843
113  10.59881703 -066.99688117
110 2 0.00 120.0000 New Taxiway 23
111  10.60430293 -066.99164450
112  10.60394837 -066.99122893  10.60369420 -066.99121958
111  10.60395111 -066.99105611
112  10.60431381 -066.99075014  10.60430768 -066.99053829
113  10.60438562 -066.99118653
110 2 0.00 120.0000 New Taxiway 23
111  10.60410260 -066.99703711
112  10.60375143 -066.99661964  10.60349726 -066.99661029
111  10.60375873 -066.99645083
112  10.60412403 -066.99618036  10.60411791 -066.99596851
113  10.60418528 -066.99657914
110 2 0.00 120.0000 New Taxiway 21
111  10.60107563 -066.99855693
112  10.60122238 -066.99843405  10.60122758 -066.99830986
111  10.60127693 -066.99840499
114  10.60127044 -066.99860846  10.60127173 -066.99860978
110 2 0.00 120.0000 New Taxiway 16
111  10.60245856 -066.99928903
112  10.60229906 -066.99904722  10.60216406 -066.99904142
111  10.60230477 -066.99887119
114  10.60246997 -066.99870676  10.60248518 -066.99854814
110 2 0.00 120.0000 New Taxiway 14
111  10.60178541 -066.99902620
112  10.60151715 -066.99927080  10.60150449 -066.99952827
111  10.60144644 -066.99924701
111  10.60147665 -066.99864771
111  10.60153533 -066.99857375
114  10.60179047 -066.99885626  10.60205874 -066.99886141
110 2 0.00 120.0000 New Taxiway 12
111  10.60389893 -067.00322135
112  10.60363003 -067.00291853  10.60344179 -067.00291466
112  10.60363450 -067.00274077  10.60363450 -067.00273497
114  10.60392726 -067.00247513  10.60394757 -067.00221319
110 2 0.00 120.0000 New Taxiway 11
111  10.60310139 -066.99121619
112  10.60286942 -066.99138256  10.60286371 -066.99153538
111  10.60269639 -066.99138643
112  10.60249211 -066.99114453  10.60233239 -066.99114067
111  10.60249036 -066.99096431
112  10.60271889 -066.99085069  10.60274551 -066.99069206
111  10.60288843 -066.99088443
114  10.60309793 -066.99102987  10.60323720 -066.99103851
110 2 0.00 120.0000 New Taxiway 11
111  10.60168415 -066.99654958
112  10.60143890 -066.99672861  10.60143319 -066.99688144
111  10.60126587 -066.99673248
112  10.60109527 -066.99652798  10.60093556 -066.99652411
111  10.60108740 -066.99637268
112  10.60127918 -066.99618117  10.60130580 -066.99602254
112  10.60138281 -066.99605953  10.60137450 -066.99606195
111  10.60145791 -066.99623049
114  10.60165847 -066.99638278  10.60179775 -066.99639142
110 2 0.00 120.0000 New Taxiway 11
111  10.60293032 -066.99659543
112  10.60269834 -066.99676179  10.60269264 -066.99691461
111  10.60252531 -066.99676566
112  10.60237510 -066.99658189  10.60221538 -066.99657802
111  10.60237130 -066.99640585
112  10.60253862 -066.99621434  10.60256524 -066.99605572
112  10.60256905 -066.99600735  10.60256334 -066.99599768
111  10.60271736 -066.99622401
114  10.60290180 -066.99641746  10.60302159 -066.99642326
110 2 0.00 120.0000 New Taxiway 11
111  10.60273696 -067.00288233
112  10.60250498 -067.00304869  10.60249928 -067.00320151
111  10.60233195 -067.00305256
112  10.60218174 -067.00286879  10.60202202 -067.00286492
111  10.60217794 -067.00269275
112  10.60234526 -067.00250124  10.60237188 -067.00234262
111  10.60252400 -067.00251091
114  10.60270844 -067.00270436  10.60282823 -067.00271016
110 2 0.00 120.0000 New Taxiway 9
112  10.60139308 -067.00238488  10.60139498 -067.00260734
112  10.60170723 -067.00267311  10.60177759 -067.00267698
111  10.60177759 -067.00274082
112  10.60169392 -067.00284528  10.60148096 -067.00284915
113  10.60135785 -067.00313851
110 2 0.00 120.0000 New Taxiway 8
111  10.60365440 -067.01098160
112  10.60339829 -067.01073586  10.60314217 -067.01072170
111  10.60339305 -067.01055141
112  10.60368224 -067.01026504  10.60368780 -067.01001014
114  10.60374070 -067.01031602  10.60374070 -067.01033302
110 2 0.00 120.0000 Alphajoin10
111  10.60359824 -067.01273171
112  10.60321225 -067.01232547  10.60284527 -067.01231000
111  10.60321795 -067.01215524
112  10.60362486 -067.01183799  10.60370852 -067.01156717
113  10.60377507 -067.01177401
110 2 0.00 120.0000 New Taxiway 4
111  10.60257998 -067.01069013
112  10.60225148 -067.01102817  10.60223893 -067.01132608
111  10.60215958 -067.01075772
112  10.60217180 -067.01045279  10.60216762 -067.01044428
111  10.60227449 -067.01015574
114  10.60258427 -067.01050116  10.60287709 -067.01053521
110 2 0.00 120.0000 AlphajoinFox
112  10.60193148 -067.01197692  10.60203347 -067.01188064
112  10.60206047 -067.01174664  10.60207268 -067.01165834
111  10.60205369 -067.01212373
113  10.60155360 -067.01207418
110 2 0.00 120.0000 New Taxiway 7
111  10.60436361 -066.97305194 103
112  10.60458794 -066.97306678  10.60469970 -066.97288861 103
112  10.60448847 -066.97350332  10.60444805 -066.97369584 103
112  10.60444254 -066.97362668  10.60448479 -066.97346033 103
113  10.60428542 -066.97324019 103
110 2 0.00 120.0000 New Taxiway 5
111  10.60387048 -066.97254006 102
112  10.60398252 -066.97197548  10.60417062 -066.97183453 102
112  10.60434596 -066.97185711  10.60438419 -066.97185428 102
112  10.60430593 -066.97201952  10.60407733 -066.97196617 102
114  10.60401152 -066.97245272  10.60408901 -066.97264540 102
110 2 0.00 120.0000 New Taxiway 3
111  10.60463836 -066.97210578 102
111  10.60481028 -066.97215058 102
114  10.60477350 -066.97230589  10.60478979 -066.97223486 102
110 2 0.00 120.9200 New Taxiway 37
111  10.60083498 -066.99052187
111  10.60069479 -066.99048270
114  10.60072749 -066.99037441  10.60070731 -066.99044307
110 2 0.00 120.9200 New Taxiway 36
111  10.60063635 -066.99074105
111  10.60065930 -066.99063630
111  10.60079009 -066.99064376
114  10.60081357 -066.99067958  10.60070921 -066.99064843
110 2 0.00 120.9200 New Taxiway 35
111  10.60016308 -066.99050784
111  10.60028683 -066.99053167
114  10.60024719 -066.99067570  10.60025621 -066.99057840
110 2 0.00 120.9200 New Taxiway 34
112  10.60035619 -066.99025728  10.60039228 -066.99017467
111  10.60038767 -066.99022902
111  10.60033375 -066.99039031
113  10.60020344 -066.99034779
110 2 0.00 120.9200 New Taxiway 33
112  10.59922097 -066.98984980  10.59925590 -066.98975206
111  10.59916856 -066.99008527
113  10.59895676 -066.99002307
110 2 0.00 120.9200 New Taxiway 32
112  10.59894585 -066.99017635  10.59880610 -066.99008527
111  10.59913363 -066.99022522
113  10.59906594 -066.99049401
110 2 0.00 120.9200 New Taxiway 31
112  10.59922623 -066.99050882  10.59919110 -066.99062575
111  10.59914107 -066.99046884
111  10.59927606 -066.99025397
113  10.59954403 -066.99032667
110 2 0.00 345.1000 New Taxiway 30
111  10.59957976 -066.99018531
111  10.59930980 -066.99011059
114  10.59937530 -066.98985008  10.59934553 -066.99003789
110 2 0.00 120.9200 New Taxiway 29
112  10.60259819 -066.98111576  10.60265197 -066.98095503
111  10.60256906 -066.98129473
113  10.60238306 -066.98124686
110 2 0.00 120.9200 New Taxiway 28
112  10.60233496 -066.98139635  10.60221121 -066.98137922
111  10.60242251 -066.98132354
111  10.60253027 -066.98144430
113  10.60248705 -066.98161586
110 2 0.00 120.9200 New Taxiway 27
112  10.60148039 -066.98135909  10.60146002 -066.98143577
111  10.60146919 -066.98134665
111  10.60151604 -066.98118602
113  10.60171232 -066.98123726
110 2 0.00 120.9200 New Taxiway 24
111  10.60173132 -066.98108217
111  10.60154558 -066.98103472
114  10.60160161 -066.98084612  10.60159244 -066.98094767
110 2 0.00 120.9200 New Taxiway 23
111  10.60218067 -066.97683723
111  10.60223243 -066.97663911
114  10.60234706 -066.97666921  10.60224722 -066.97664789
110 2 0.00 120.9200 New Taxiway 22
112  10.60235445 -066.97667171  10.60227680 -066.97664914
111  10.60235815 -066.97667171
111  10.60246168 -066.97669805
113  10.60241115 -066.97689366
110 2 0.00 120.9200 New Taxiway 17
111  10.60261965 -066.97671808
111  10.60290268 -066.97679568
112  10.60281554 -066.97680766  10.60265570 -066.97681654
113  10.60255527 -066.97697489
110 2 0.00 120.9200 New Taxiway 16
111  10.60344630 -066.97677718
112  10.60368828 -066.97668926  10.60370996 -066.97659826
111  10.60379039 -066.97686842
111  10.60358890 -066.97733572
112  10.60357070 -066.97721578  10.60354967 -066.97721822
112  10.60354703 -066.97704573  10.60349548 -066.97695834
113  10.60340268 -066.97693870
110 2 0.00 120.9200 New Taxiway 14
111  10.60467918 -066.97195438 102
112  10.60487836 -066.97186027  10.60491940 -066.97178976 102
114  10.60488096 -066.97200576  10.60481997 -066.97200595 102
110 2 0.00 120.0000 Alphajoin10no2
111  10.60321795 -067.01215524
112  10.60363414 -067.01146630  10.60365796 -067.01091140
112  10.60369539 -067.01173851  10.60369539 -067.01184755
114  10.60361883 -067.01203759  10.60356065 -067.01214041
110 2 0.00 0.0000 TaxiwayB
111  10.60339829 -067.01073586
111  10.60257998 -067.01069013
111  10.60258427 -067.01050116
113  10.60339305 -067.01055141
110 2 0.00 120.0000 New Taxiway 4
111  10.60237510 -066.99658189
111  10.60168415 -066.99654958
111  10.60171766 -066.99646566
111  10.60165847 -066.99638278
111  10.60237130 -066.99640585
113  10.60231549 -066.99650256
110 2 0.25 178.1400 xxx
111  10.60375143 -066.99661964
111  10.60293032 -066.99659543
111  10.60290180 -066.99641746
113  10.60375873 -066.99645083
110 2 0.00 120.0000 Alpha
111  10.60203621 -067.01228530
111  10.60158860 -067.01223078
111  10.60171759 -067.01213749
111  10.60155360 -067.01207418
111  10.60205369 -067.01212373
113  10.60207284 -067.01217820
110 2 0.25 178.1400 A
111  10.60321225 -067.01232547
111  10.60220698 -067.01229074
111  10.60219698 -067.01212356
113  10.60322261 -067.01215541
110 2 0.00 120.0000 New Taxiway 2
111  10.60270844 -067.00270436
111  10.60363450 -067.00274077
111  10.60363003 -067.00291853
113  10.60273760 -067.00287647
110 2 0.25 178.1400 xxx
111  10.60218174 -067.00286879
111  10.60169392 -067.00284528
111  10.60170723 -067.00267311
113  10.60217794 -067.00269275
110 2 0.25 178.1400 xxx
111  10.60230074 -066.99904722
111  10.60178541 -066.99902620
111  10.60179047 -066.99885626
113  10.60230645 -066.99887119
110 2 0.00 120.0000 AjoinF2
112  10.60221999 -067.01180863  10.60222208 -067.01202568
111  10.60261739 -067.01213845
113  10.60219698 -067.01212356
110 2 0.25 57.1000 xxx
111  10.60298101 -066.98826133
111  10.60424334 -066.98625234
111  10.60406244 -066.98686863
113  10.60311919 -066.98835228
110 2 0.25 345.1000 xxx
111  10.60069479 -066.99048270
111  10.60276930 -066.99104014
111  10.60272698 -066.99120195
113  10.60065930 -066.99063630
110 2 0.25 178.1400 xxx
111  10.60394837 -066.99122893 102
111  10.60310139 -066.99121619 102
111  10.60309793 -066.99102987 102
113  10.60395111 -066.99105611 102
110 2 0.25 75.9200 9-27prltxy
111  10.60143115 -066.98080129
111  10.60246168 -066.97669805
111  10.60261965 -066.97671808
113  10.60160161 -066.98084612
110 2 0.25 165.9200 xxx
111  10.60340443 -066.97693870
111  10.60224722 -066.97664789
111  10.60227286 -066.97646873
113  10.60344630 -066.97677718
110 2 0.25 120.9200 xxx
111  10.60481028 -066.97215058 102
111  10.60430593 -066.97201952 102
111  10.60434596 -066.97185711 102
113  10.60484604 -066.97200319 102
110 2 0.25 120.9200 xxx
111  10.60428542 -066.97324019 102
111  10.60387048 -066.97254006 102
111  10.60401152 -066.97245272 102
113  10.60436361 -066.97305194 102
110 2 0.25 165.9200 xxx
111  10.60253027 -066.98144430
111  10.60151604 -066.98118602
111  10.60154558 -066.98103472
113  10.60256906 -066.98129473
110 2 0.25 88.1400 Apron
111  10.59739395 -067.01205853
111  10.59782833 -066.99845038
111  10.60153802 -066.99857375
113  10.60103466 -067.01217872
110 2 0.25 88.1400 North Apron
111  10.60104863 -067.01142728
111  10.60134724 -067.00341948
111  10.60163417 -067.00343149
113  10.60135462 -067.01144240
110 2 0.25 88.1400 Parking
111  10.59507563 -067.00979872 51
111  10.59542098 -066.99897982 51
111  10.59713992 -066.99903661 51
113  10.59679457 -067.00985551 51
110 2 0.25 88.1400 More_apron
111  10.59660986 -067.00841392
111  10.59686617 -067.00038409
111  10.59799569 -067.00042140
113  10.59773937 -067.00845124
110 2 0.25 88.1400 Hotel
111  10.60107563 -066.99855693 102
111  10.60126587 -066.99673248 102
111  10.60143890 -066.99672861 102
113  10.60153533 -066.99857375 102
110 2 0.25 75.9200 xxx
111  10.59766669 -066.99042660
111  10.60117670 -066.97618903
111  10.60227286 -066.97646873
113  10.59876285 -066.99070630
110 2 0.25 75.9200 xxx
111  10.59658576 -066.99014680 51
111  10.59783963 -066.98506083 51
111  10.59893578 -066.98534053 51
113  10.59768192 -066.99042650 51
110 2 0.25 108.9200 xxx
111  10.59840172 -066.99623357
111  10.59798814 -066.99500605
111  10.59814383 -066.99495176
113  10.59855740 -066.99617927
110 2 0.25 75.9200 xxx
111  10.59690041 -066.99480043
111  10.59748697 -066.99242120
111  10.59858313 -066.99270090
113  10.59799657 -066.99508013
110 2 0.25 108.9200 xxx
111  10.59768969 -066.99712456
111  10.59690790 -066.99480417
111  10.59782386 -066.99448476
113  10.59860565 -066.99680515
110 2 0.25 165.9200 xxx
111  10.59870622 -066.99739023
111  10.59769786 -066.99713293
111  10.59783933 -066.99655910
113  10.59884769 -066.99681640
110 2 0.25 88.1400 xxx
111  10.60408218 -067.01274152
111  10.60411895 -067.01158959
111  10.60454937 -067.01160381
113  10.60451260 -067.01275574
110 2 0.00 120.0000 New Taxiway 2
111  10.60408343 -067.01273214
112  10.60402265 -067.01231360  10.60395253 -067.01233263
111  10.60397123 -067.01232311
111  10.60398058 -067.01185701
112  10.60412083 -067.01157640  10.60413018 -067.01124823
113  10.60415823 -067.01209958
110 2 0.00 120.0000 New Taxiway 10
111  10.59922097 -066.98984980
111  10.59937530 -066.98985008
111  10.59931051 -066.99020578
111  10.59922623 -066.99050882
111  10.59920952 -066.99056154
111  10.59899224 -066.99133872
111  10.59829016 -066.99428849
111  10.59818127 -066.99421269
111  10.59850224 -066.99278102
113  10.59858645 -066.99240405
110 2 0.00 120.0000 New Taxiway 8
111  10.60160161 -066.98084612
111  10.60155044 -066.98105282
111  10.60151604 -066.98118602
111  10.60148039 -066.98135909
111  10.60130970 -066.98131300
113  10.60143115 -066.98080129
110 2 0.00 120.0000 New Taxiway 4
111  10.60411895 -067.01158959
111  10.60412329 -067.01150164
111  10.60455902 -067.01117467
113  10.60454937 -067.01160381
120 Linear Feature 8
111  10.60359121 -067.01064041 51 101
116  10.60388256 -067.01024028  10.60389353 -067.00988527
120 Linear Feature 1
111  10.60278212 -066.99131340 51 101
116  10.60312407 -066.99110521  10.60342489 -066.99111371
120 Linear Feature 30
111  10.59877545 -066.98994431 51 101
115  10.59771587 -066.98966563
120 Linear Feature 29
111  10.59839908 -066.99034503 51 101
116  10.59760149 -066.99013725  10.59758944 -066.99014031
120 Linear Feature 28
111  10.60241864 -066.97660226 51 101
111  10.60239247 -066.97659466 51 101
116  10.60197867 -066.97681885  10.60188335 -066.97718014
120 Linear Feature 26
111  10.59877582 -066.98994306 51 101
111  10.60037351 -066.98339478 51 101
115  10.60197867 -066.97681885
120 Linear Feature 25
111  10.59872436 -066.99016586 51 101
115  10.59877759 -066.98994225
120 Linear Feature 24
111  10.59886149 -066.99008361 51 101
116  10.59877759 -066.98994225  10.59880034 -066.98985149
120 Linear Feature 23
111  10.59872436 -066.99016586 51 101
116  10.59839908 -066.99034503  10.59811791 -066.99027105
120 Linear Feature 22
111  10.59895819 -066.99010699 51 101
112  10.59886149 -066.99008361  10.59885990 -066.99008280 51 101
116  10.59872436 -066.99016586  10.59869820 -066.99026344
120 Linear Feature 20
111  10.60098803 -067.01011121 51 101
112  10.60118471 -067.00923670  10.60119928 -067.00894767 51 101
111  10.60130491 -067.00570903 51 101
112  10.60135590 -067.00362153  10.60133769 -067.00345108 51 101
115  10.60128428 -067.00344663
120 Linear Feature 19
111  10.60085803 -067.01158922 51 101
116  10.60098962 -067.01011458  10.60110886 -067.00995979
120 Linear Feature 18
111  10.60110162 -067.01207108 51 101
116  10.60085803 -067.01158922  10.60088682 -067.01113114
120 Linear Feature 17
111  10.60131700 -067.00262082 51 101
116  10.60123366 -067.00274688  10.60115327 -067.00274824
120 Linear Feature 16
111  10.60131327 -067.00287373 51 101
116  10.60123366 -067.00274688  10.60115693 -067.00274492
120 Linear Feature 15
111  10.59933456 -067.00266941 51 101
116  10.59915395 -067.00249791  10.59916298 -067.00234173
120 Linear Feature 14
111  10.60140916 -067.00275289 51 101
111  10.59997326 -067.00270310 51 101
111  10.59933456 -067.00267247 51 101
116  10.59914191 -067.00285928  10.59913288 -067.00305221
120 Linear Feature 13
111  10.59911170 -067.00383694 51 101
116  10.59930558 -067.00402325  10.59947192 -067.00402705
120 Linear Feature 12
111  10.60067560 -067.00406981 51 101
111  10.59930558 -067.00402325 51 101
116  10.59910095 -067.00421257  10.59910095 -067.00441475
120 Linear Feature 11
111  10.60128428 -067.00344663 51 101
116  10.60067560 -067.00406981  10.60000457 -067.00404779
120 Linear Feature 10
112  10.59887651 -067.01079686  10.59885491 -067.01138318 51 101
116  10.59986879 -067.01202143  10.60025443 -067.01210521
120 Linear Feature 9
111  10.60129757 -066.99856043 51 101
112  10.60107320 -066.99883353  10.60080877 -066.99882538 51 101
112  10.60049533 -066.99881315  10.60029100 -066.99880907 51 101
111  10.59962592 -066.99878462 51 101
112  10.59926529 -066.99941015  10.59923815 -067.00010070 51 101
116  10.59884232 -067.01189679  10.59884079 -067.01200795
120 Linear Feature 7
111  10.60128428 -067.00344663 51 101
111  10.60131240 -067.00287440 51 101
111  10.60131700 -067.00262082 51 101
111  10.60133286 -067.00226048 51 101
111  10.60144644 -066.99924701 51 101
116  10.60163099 -066.99894249  10.60181480 -066.99895141
120 Linear Feature 6
111  10.60140916 -067.00275289 51 101
116  10.60131700 -067.00262082  10.60131996 -067.00249614
120 Linear Feature 4
111  10.60235043 -067.00280601 51 101
112  10.60193486 -067.00277661  10.60192091 -067.00277677 51 101
111  10.60140916 -067.00275289 51 101
116  10.60131240 -067.00287440  10.60130678 -067.00298012
120 Linear Feature 3
111  10.60241889 -067.00275600 51 101
116  10.60235404 -067.00280655  10.60230411 -067.00280481
120 Linear Feature 2
111  10.60248361 -067.00280755 51 101
115  10.60235404 -067.00280655
120 Linear Feature 1
111  10.60241462 -067.00288088 51 101
116  10.60235404 -067.00280655  10.60230045 -067.00280647
120 Linear Feature 6
111  10.60419273 -066.97192291 51 101
116  10.60406918 -066.97199129  10.60401551 -066.97204735
120 Linear Feature 15
111  10.60406918 -066.97199129 51 101
112  10.60395103 -066.97216434  10.60392384 -066.97223077 51 101
112  10.60391657 -066.97235436  10.60392273 -066.97244744 51 101
112  10.60399299 -066.97258148  10.60407009 -066.97270332 51 101
111  10.60430370 -066.97308909 51 101
112  10.60445855 -066.97332729  10.60455008 -066.97346766 51 101
112  10.60459716 -066.97364904  10.60462179 -066.97378315 51 101
116  10.60457818 -066.97393231  10.60455436 -066.97402532
120 Linear Feature 123
111  10.60241889 -067.00275600 51 101
112  10.60244558 -067.00279662  10.60246486 -067.00281062 51 101
115  10.60248361 -067.00280755
120 Linear Feature 122
111  10.60242336 -066.99895549 51 101
116  10.60254586 -066.99879254  10.60254714 -066.99874443
120 Linear Feature 120
111  10.60163099 -066.99894249 51 101
111  10.60191217 -066.99895549 51 101
111  10.60242208 -066.99895549 51 101
116  10.60253500 -066.99913103  10.60252861 -066.99921425
120 Linear Feature 117
111  10.60394837 -066.99122893 54 104
115  10.60395111 -066.99105611
120 Linear Feature 116
111  10.60408777 -066.99114565 51 101
112  10.60425255 -066.99112701  10.60431720 -066.99109759 51 101
112  10.60440933 -066.99096995  10.60442975 -066.99093880 51 101
112  10.60445356 -066.99083150  10.60446207 -066.99080553 51 101
111  10.60446949 -066.99074293 51 101
111  10.60449551 -066.99057997 51 101
112  10.60450800 -066.99050418  10.60450876 -066.99049302 51 101
115  10.60450818 -066.99045443
120 Linear Feature 115
111  10.60312407 -066.99110521 51 101
111  10.60345797 -066.99112524 51 101
111  10.60408777 -066.99114565 51 101
112  10.60428128 -066.99120180  10.60437466 -066.99124717 51 101
111  10.60441166 -066.99136152 51 101
112  10.60445922 -066.99150303  10.60447225 -066.99157338 51 101
111  10.60447213 -066.99163841 51 101
116  10.60447108 -066.99168987  10.60447029 -066.99171328
120 Linear Feature 113
111  10.60278659 -066.99119570 51 101
112  10.60276844 -066.99113941  10.60275550 -066.99112401 51 101
116  10.60269696 -066.99110848  10.60265450 -066.99109538
120 Linear Feature 112
111  10.60278659 -066.99119570 51 101
115  10.60279334 -066.99104054
120 Linear Feature 110
111  10.60321894 -067.01232311 54 104
115  10.60322261 -067.01215541
120 Linear Feature 109
111  10.60335474 -067.01073323 54 104
115  10.60335563 -067.01054805
120 Linear Feature 108
112  10.60363003 -067.00291853  10.60363344 -067.00277843 54 104
116  10.60363499 -067.00274084  10.60363557 -067.00272895
120 Linear Feature 107
111  10.60373629 -067.00282224 51 101
112  10.60393121 -067.00277058  10.60398977 -067.00273151 51 101
116  10.60412854 -067.00253006  10.60413033 -067.00243345
120 Linear Feature 105
111  10.60248361 -067.00280755 51 101
111  10.60273165 -067.00280939 51 101
111  10.60359064 -067.00281938 51 101
111  10.60373629 -067.00282224 51 101
116  10.60410464 -067.00317840  10.60409480 -067.00331857
120 Linear Feature 104
111  10.60241462 -067.00288088 51 101
112  10.60243689 -067.00283257  10.60245242 -067.00281408 51 101
116  10.60248361 -067.00280755  10.60249979 -067.00280772
120 Linear Feature 103
111  10.60237145 -067.01059881 51 101
116  10.60217180 -067.01045279  10.60217246 -067.01038874
120 Linear Feature 102
111  10.60215958 -067.01075772 51 101
111  10.60216687 -067.01060639 51 101
115  10.60261414 -066.99666416
120 Linear Feature 101
111  10.60213097 -067.01183954 51 101
116  10.60152848 -067.01216250  10.60091917 -067.01210776
120 Linear Feature 100
111  10.60215958 -067.01075772 51 101
111  10.60214368 -067.01126858 51 101
111  10.60213097 -067.01183954 51 101
116  10.60276155 -067.01222648  10.60338531 -067.01223572
120 Linear Feature 99
111  10.60359121 -067.01064041 51 101
111  10.60318388 -067.01063027 51 101
111  10.60237145 -067.01059881 51 101
116  10.60215958 -067.01075772  10.60215649 -067.01091033
120 Linear Feature 98
111  10.60384252 -067.01136292 51 101
116  10.60359121 -067.01064041  10.60332526 -067.01063584
120 Linear Feature 97
112  10.60325294 -067.01223123  10.60377019 -067.01210518 51 101
116  10.60384252 -067.01136292  10.60384750 -067.01113740
120 Linear Feature 96
111  10.60325294 -067.01223123 51 101
111  10.60358980 -067.01223350 51 101
116  10.60382245 -067.01205479  10.60382743 -067.01188748
120 Linear Feature 94
111  10.60110162 -067.01207108 51 101
111  10.60152848 -067.01216250 51 101
111  10.60276155 -067.01222648 51 101
115  10.60325470 -067.01222985
120 Linear Feature 93
111  10.59884232 -067.01189679 51 101
116  10.60110162 -067.01207108  10.60145302 -067.01208794
120 Linear Feature 92
111  10.60477427 -066.98214059 51 101
115  10.60478470 -066.98188743
120 Linear Feature 91
111  10.60502411 -066.98164284 56 106
111  10.60506090 -066.98076706 56 106
115  10.60506826 -066.98058136
120 Linear Feature 90
111  10.60478470 -066.98188743 51 101
115  10.60479239 -066.98159280
120 Linear Feature 89
111  10.60492129 -066.98154983 51 101
116  10.60478470 -066.98188561  10.60478699 -066.98198902
120 Linear Feature 88
111  10.60512619 -066.98141207 51 101
116  10.60492157 -066.98154972  10.60487261 -066.98166430
120 Linear Feature 87
111  10.60519609 -066.98118841 51 101
116  10.60512619 -066.98141207  10.60504571 -066.98143977
120 Linear Feature 86
111  10.60520093 -066.98102758 51 101
115  10.60519609 -066.98118841
120 Linear Feature 85
111  10.60509037 -066.98065901 51 101
116  10.60520093 -066.98102758  10.60519414 -066.98127236
120 Linear Feature 84
111  10.60479239 -066.98159280 51 101
111  10.60481262 -066.98080123 51 101
111  10.60487332 -066.98068521 51 101
116  10.60509037 -066.98065901  10.60517498 -066.98076193
120 Linear Feature 83
111  10.60406244 -066.98686863 54 104
115  10.60393369 -066.98676826
120 Linear Feature 82
111  10.60375143 -066.99661964 54 104
115  10.60375873 -066.99645083
120 Linear Feature 81
111  10.60430147 -066.99707165 51
111  10.60430957 -066.99686992 51
116  10.60406356 -066.99655340  10.60389486 -066.99653000
120 Linear Feature 80
111  10.60073224 -066.99066272 54 104
115  10.60077385 -066.99050054
120 Linear Feature 79
111  10.59944139 -066.99647733 54 104
115  10.59944893 -066.99631118
120 Linear Feature 78
111  10.60262537 -066.99634081 51 101
115  10.60278212 -066.99131340
120 Linear Feature 77
111  10.60450510 -066.98607106 51 101
116  10.60466056 -066.98569990  10.60466360 -066.98558855
120 Linear Feature 76
111  10.60419010 -066.98651961 51 101
115  10.60450657 -066.98607275
120 Linear Feature 75
111  10.60462403 -066.98682963 51 101
115  10.60463012 -066.98671364
120 Linear Feature 74
111  10.60445362 -066.98637455 51 101
116  10.60463012 -066.98671364  10.60462930 -066.98677489
120 Linear Feature 73
112  10.60419010 -066.98651961  10.60420803 -066.98649368 51 101
112  10.60427105 -066.98642872  10.60432342 -066.98638935 51 101
116  10.60445362 -066.98637455  10.60448404 -066.98642650
120 Linear Feature 71
111  10.60306018 -066.98827473 51 101
115  10.60419010 -066.98651961
120 Linear Feature 70
112  10.60286379 -066.98881240  10.60288031 -066.98870724 51 101
116  10.60306018 -066.98827473  10.60316457 -066.98813082
120 Linear Feature 69
111  10.60286333 -066.98881283 51 101
115  10.60286162 -066.98886434
120 Linear Feature 68
111  10.60279334 -066.99104054 51 101
115  10.60286162 -066.98886434
120 Linear Feature 67
111  10.60269696 -066.99110848 51 101
111  10.60274676 -066.99109866 51 101
116  10.60279334 -066.99104054  10.60279342 -066.99099264
120 Linear Feature 66
111  10.60278659 -066.99119570 51 101
115  10.60278212 -066.99131340
120 Linear Feature 63
111  10.59964327 -066.99027294 51 101
111  10.60043085 -066.99049239 51 101
115  10.60269692 -066.99110837
120 Linear Feature 62
111  10.60016308 -066.99050784 54 104
115  10.60020344 -066.99034779
120 Linear Feature 61
112  10.59846250 -066.99732590  10.59855792 -066.99694644 54 104
115  10.59860996 -066.99675229
120 Linear Feature 60
111  10.59858786 -066.99644815 54 104
115  10.59859546 -066.99628267
120 Linear Feature 57
111  10.60406356 -066.99655340 51 101
115  10.60250508 -066.99649176
120 Linear Feature 56
111  10.60406356 -066.99655340 51
116  10.60432796 -066.99620509  10.60433518 -066.99599435
120 Linear Feature 54
111  10.60261414 -066.99666416 51 101
111  10.60262537 -066.99634081 51 101
116  10.60250729 -066.99649513  10.60237927 -066.99649004
120 Linear Feature 53
111  10.60234539 -066.99648800 51 101
111  10.60250729 -066.99649513 51 101
116  10.60261414 -066.99666416  10.60261159 -066.99679843
120 Linear Feature 52
111  10.60148779 -066.99644781 51 101
115  10.60235286 -066.99648884
120 Linear Feature 51
111  10.60121404 -066.99643677 51 101
111  10.60128142 -066.99643808 51 101
116  10.60148779 -066.99644781  10.60157578 -066.99645153
120 Linear Feature 47
111  10.59891612 -066.99636843 51 101
111  10.59870759 -066.99635798 51 101
111  10.59860841 -066.99635209 51 101
111  10.59839606 -066.99633948 51 101
111  10.59809848 -066.99631868 51 101
116  10.59770576 -066.99574832  10.59753865 -066.99531170
120 Linear Feature 46
111  10.59949508 -066.99637916 51 101
111  10.59917958 -066.99637565 51 101
115  10.59891612 -066.99636843
120 Linear Feature 45
111  10.59900756 -066.99651701 51 101
116  10.59891612 -066.99636843  10.59883105 -066.99636391
120 Linear Feature 44
111  10.59898144 -066.99662042 51 101
111  10.59900756 -066.99651701 51 101
116  10.59917958 -066.99637565  10.59933160 -066.99639091
120 Linear Feature 43
111  10.59881703 -066.99688117 51 101
111  10.59895863 -066.99667441 51 101
116  10.59898106 -066.99662141  10.59899186 -066.99657927
120 Linear Feature 35
111  10.59964001 -066.99027393 51 101
115  10.59895816 -066.99010640
120 Linear Feature 36
112  10.59895816 -066.99010640  10.59896006 -066.99011275 51 101
116  10.59927711 -066.99001123  10.59937821 -066.98990062
120 Linear Feature 34
111  10.59917122 -066.99043841 51 101
116  10.59895816 -066.99010640  10.59882044 -066.99007007
120 Linear Feature 33
112  10.59927711 -066.99001123  10.59927537 -066.99001655 51 101
115  10.59917122 -066.99043841
120 Linear Feature 32
111  10.59964001 -066.99027393 51 101
116  10.59917122 -066.99043841  10.59909794 -066.99073661
120 Linear Feature 31
111  10.59929805 -066.98992071 51 101
111  10.59927711 -066.99001123 51 101
116  10.59964001 -066.99027393  10.59996278 -066.99036090
120 Linear Feature 30
111  10.60140006 -066.98125900 51 101
111  10.60123879 -066.98190985 51 101
111  10.59933763 -066.98976601 51 101
115  10.59929707 -066.98991876
120 Linear Feature 28
111  10.60265939 -066.98127273 1 101
116  10.60283858 -066.98097373  10.60286238 -066.98085245
120 Linear Feature 27
111  10.60263184 -066.98182109 51 101
116  10.60238320 -066.98132836  10.60208311 -066.98119168
120 Linear Feature 26
111  10.60361054 -066.97690653 51 101
116  10.60376841 -066.97720060  10.60374510 -066.97729371
120 Linear Feature 25
111  10.60273028 -066.97667832 51 101
111  10.60361054 -066.97690653 51 101
116  10.60388242 -066.97673520  10.60392848 -066.97654581
120 Linear Feature 23
111  10.60238320 -066.98132836 51 101
116  10.60265939 -066.98127273  10.60275683 -066.98114585
120 Linear Feature 17
111  10.60252713 -066.97684005 51 101
115  10.60148013 -066.98093493
120 Linear Feature 20
111  10.60140006 -066.98125900 1 101
115  10.60148013 -066.98093493
120 Linear Feature 21
111  10.60166233 -066.98113399 51 101
115  10.60238320 -066.98132836
120 Linear Feature 19
111  10.60166233 -066.98113399 51 101
116  10.60140006 -066.98125900  10.60134763 -066.98146437
120 Linear Feature 18
111  10.60148013 -066.98093493 51 101
116  10.60166233 -066.98113399  10.60181963 -066.98117667
120 Linear Feature 16
111  10.60252713 -066.97684005 51 101
116  10.60241941 -066.97660363  10.60225716 -066.97656635
120 Linear Feature 14
111  10.60463846 -066.97210407 54 104
115  10.60467918 -066.97195438
120 Linear Feature 11
111  10.60419273 -066.97192291 51 101
112  10.60441906 -066.97195257  10.60457946 -066.97197835 51 101
115  10.60474746 -066.97204815
120 Linear Feature 13
111  10.60428542 -066.97324019 54 104
115  10.60436361 -066.97305194
120 Linear Feature 12
111  10.60474746 -066.97204815 1 101
112  10.60488830 -066.97221678  10.60491210 -066.97232747 1 101
116  10.60485090 -066.97279097  10.60475911 -066.97315071
120 Linear Feature 49
112  10.60121398 -066.99643669  10.60129739 -066.99643854 51 101
116  10.60136049 -066.99653931  10.60135805 -066.99664908
120 Linear Feature 48
111  10.59949511 -066.99637890 51 101
111  10.59964145 -066.99638451 51 101
115  10.60121398 -066.99643669
120 Linear Feature 59
112  10.60261414 -066.99666416  10.60261544 -066.99662783 51 101
116  10.60284963 -066.99650812  10.60289970 -066.99649304
120 Linear Feature 58
111  10.60262537 -066.99634081 51 101
112  10.60265680 -066.99639457  10.60265831 -066.99639686 51 101
116  10.60284963 -066.99650812  10.60290870 -066.99652610
120 Linear Feature 119
111  10.60136049 -066.99653931 51 101
112  10.60138951 -066.99649021  10.60139236 -066.99648551 51 101
116  10.60147242 -066.99644668  10.60151885 -066.99643759
120 Linear Feature 118
111  10.60136049 -066.99653931 51 101
111  10.60135169 -066.99692387 51 101
111  10.60129581 -066.99856301 51 101
111  10.60130031 -066.99860667 51 101
116  10.60162869 -066.99894177  10.60181020 -066.99894999
120 Linear Feature 64
111  10.60280229 -066.99075524 51 101
116  10.60312407 -066.99110521  10.60342735 -066.99112374
120 Linear Feature 15
111  10.60252713 -066.97684005 51 101
116  10.60273028 -066.97667832  10.60287108 -066.97671543
120 Linear Feature 41
111  10.59809487 -066.99674398 51 101
111  10.59770576 -066.99574832 51 101
111  10.59764602 -066.99554260 51 101
112  10.59778848 -066.99431320  10.59786727 -066.99421805 51 101
112  10.59808397 -066.99416305  10.59826272 -066.99403865 51 101
112  10.59828519 -066.99391915  10.59833720 -066.99370655 51 101
115  10.59858313 -066.99270090
120 Linear Feature 40
112  10.59881703 -066.99688117  10.59869041 -066.99708787 51 101
116  10.59809034 -066.99674773  10.59795247 -066.99634565
120 Linear Feature 39
111  10.59917122 -066.99043841 51 101
111  10.59883230 -066.99171680 51 101
115  10.59858313 -066.99270090
120 Linear Feature 38
112  10.60228713 -066.98138217  10.60229177 -066.98137981 54 104
115  10.60232660 -066.98122625
120 Linear Feature 37
112  10.60340268 -066.97693870  10.60340443 -066.97693870 54 104
115  10.60344630 -066.97677718
120 Linear Feature 1
111  10.60163099 -066.99894249 51
116  10.60107320 -066.99883353  10.60082350 -066.99868746
21  10.60347250 -067.01118961 2 88.1400 3.0 10  PAPI-4L
21  10.60435977 -066.98258663 2 267.8200 3.0 28  PAPI-4L
20  10.60218445 -066.99628140 357.7600 0 2 {@Y}{^l}F{^r}|10-28{^u}{@L}D
20  10.60183631 -066.99669028 178.1200 0 2 {@Y}{^u}09{@L}D{@Y}{^u}CARGO{^r}TERMINALS
20  10.60082493 -066.99623405 359.2200 0 2 {@Y}{^l}H{@L}D{@Y}{^u}10-28{^l}TERMINALS
20  10.59970796 -066.99662784 177.6300 0 2 {@R}09{@L}D
20  10.59860233 -066.99656210 356.4000 0 2 {@R}09
20  10.59835033 -066.99741076 348.2300 0 2 {@R}09
20  10.59796259 -066.99525524 267.4600 0 2 {@Y}09-27{^ru}{^r}{@L}J
20  10.60302840 -066.99046175 265.5100 0 2 {@Y}{^l}09-27{@L}F{@Y}10-28{^r}
20  10.59965496 -066.98948355 254.7200 0 2 {@Y}09-27|10-28{^r}E
20  10.60195064 -066.98033397 256.3000 0 2 {@Y}09-27{^r}L
20  10.59930255 -066.99094395 74.0300 0 2 {@Y}09-27|10-28|E{^l}
20  10.60161035 -066.98155467 75.1000 0 2 {@Y}09-27{^l}L
20  10.60342651 -066.97662767 345.4700 0 2 {@R}09-27
20  10.60267341 -066.97731959 75.4700 0 2 {@Y}{^l}27|M
20  10.60425608 -066.97392980 76.8300 0 1 {@Y}N{^r}
20  10.60458753 -066.97178414 345.2400 0 2 {@L}N{@R}09-27
20  10.60417215 -066.97318098 306.3600 0 2 {@R}09-27{@L}N
20  10.60282205 -066.99854219 267.6900 0 2 {@Y}APRON|G{^l}{@L}F
20  10.60233610 -066.99955414 88.0800 0 2 {@Y}APRON|G{^r}{@L}F
20  10.60137369 -066.99627284 269.6700 0 2 {hazard}
20  10.60236222 -066.98106724 344.3600 0 2 {@R}9-27
20  10.60018640 -066.99018817 343.6300 0 2 {@R}09-27
20  10.60214379 -066.99074163 347.0800 0 2 {@Y}{^ru}10-28{@R}E{@Y}{^lu}F{^rd}
20  10.60085470 -066.99081987 162.1600 0 2 {@R}09-27
20  10.60321704 -066.99140099 178.2300 0 2 {@Y}{^lu}9-27{@L}E{@Y}{^l}F{^r}
20  10.60159842 -066.99108088 165.0600 0 2 {@Y}{^u}9-27{@L}E
20  10.60255003 -066.99196038 86.6600 0 2 {@L}F{@Y}{^l}E{^r}
20  10.60302708 -066.98984857 267.9600 0 2 {@L}F{@Y}{^l}E{^r}
20  10.60257736 -066.98939490 88.1500 0 2 {@Y}28{^lu}{@L}F
20  10.60383299 -066.98753913 237.5200 0 2 {@Y}APRON{^u}WELCOME
20  10.60372259 -066.98674038 54.0500 0 2 {@R}28{@L}F
20  10.60393145 -066.99088745 0.7400 0 2 {@R}10-28{@L}E
20  10.60363647 -066.99628354 357.0000 0 2 {@R}10-28{@L}D
20  10.60355363 -067.00251108 357.5000 0 2 {@R}10-28{@L}C
20  10.60329338 -067.01036506 358.5600 0 2 {@R}10-28{@L}B
20  10.60237215 -067.01140352 270.1400 0 2 {@Y}10-28|A{^r}{@L}F{@Y}INTL_TERMINAL{^l}
20  10.60160202 -067.01190262 357.9300 0 2 {@Y}10-28{^u}F{^r}{@L}A
20  10.60272020 -067.01200910 359.4700 0 2 {@R}ILS
20  10.60311452 -067.01200192 357.2600 0 2 {@R}10{@L}A
20  10.60175649 -066.99873433 177.3600 0 2 {@Y}INTL{^r}DOMSTIC{^l}{@L}G{@Y}{^l}H
20  10.60220433 -066.99919225 359.5600 0 2 {@Y}{^l}F{^r}
20  10.60283664 -066.99584681 267.2000 0 2 {@Y}APRONS{^l}09{@L}F{@Y}10-28{^r}D
20  10.60241182 -066.99691985 88.2200 0 2 {@L}F{@Y}{^l}D{^r}APRONS
20  10.60163654 -066.99731174 87.0000 0 2 {@L}H{@Y}{^l}D{^r}
20  10.60295256 -067.00259211 177.0700 0 2 {@Y}{^l}F{^r}{@L}D{@Y}APRON{^u}
20  10.60198870 -067.00250639 357.6100 0 2 {@Y}{^l}F{^r}{@L}D{@Y}10-28{^u}
20  10.60268312 -067.00183663 268.0500 0 2 {@Y}C|10-28{^r}{@L}F{@Y}APRON|C{^l}
20  10.60220063 -067.00326413 86.8400 0 2 {@Y}C|10-28{^l}{@L}F{@Y}APRON|C{^r}
20  10.60196230 -067.01102936 87.8900 0 2 {@L}F{@Y}B{^l}
20  10.60243015 -067.00973795 268.3300 0 2 {@L}F{@Y}B{^r}
14  10.59568438 -066.99729570   0.00 0 Tower Viewpoint
18  10.59561731 -066.99771413 1 BCN
19  10.60532416 -066.98198477 0 New Windsock 14
19  10.60294685 -067.01145892 0 New Windsock 13
19  10.59928151 -066.99710047 0 New Windsock 12
19  10.60133377 -066.98410866 1 Windsock
19  10.60322477 -067.00049366 1 Windsock
50 11480 ATIS
52 11950 CLD
53 12190 GND
54 11840 MAIQUETIA TWR
55 12040 MAIQUETIA APP
56 11840 MAIQUETIA DEP
51 12880 MAIQUETIA UNICOM

1   2145 1 0 SVCS OSCAR MACHADO ZULOAGA
100 31.70 1 0 0.25 1 3 0 10  10.28727080 -066.82538769    0    0 3 11 0 1 28  10.28597915 -066.80711882    0    0 2 0 0 1
102 H9  10.28804292 -066.82029251   0.00 16.80 16.80 4 0 0 0.00 1
102 H8  10.28803955 -066.81977857   0.00 16.80 16.80 4 0 0 0.00 1
102 H7  10.28803939 -066.82004728   0.08 16.80 16.80 4 0 0 0.00 1
110 2 0.00 120.0000 New Taxiway 9
112  10.28982125 -066.81406101  10.28974833 -066.81390538
111  10.29067439 -066.81328285
111  10.29117753 -066.81343107
111  10.29129420 -066.81324579
111  10.29188484 -066.81335696
111  10.29192130 -066.81309016
111  10.29208172 -066.81310498
111  10.29212547 -066.81297852
111  10.29144004 -066.81286735
111  10.29135253 -066.81303781
111  10.29122857 -066.81300075
111  10.29111920 -066.81297111
111  10.29133066 -066.81232635
111  10.29152754 -066.81231153
111  10.29161504 -066.81196321
111  10.29111190 -066.81184463
111  10.29109003 -066.81191133
111  10.29100253 -066.81187428
111  10.29106086 -066.81173347
111  10.29098794 -066.81166677
111  10.29116295 -066.81119987
111  10.29184109 -066.81141479
111  10.29222756 -066.81052547
111  10.29288382 -066.81071122
111  10.29290570 -066.81174135
111  10.29205255 -066.81384609
112  10.29112649 -066.81388314  10.29090773 -066.81392020
113  10.29076184 -066.81400492
110 2 0.00 120.0000 New Taxiway 8
111  10.28702546 -066.81433931
112  10.28682923 -066.81429230  10.28670075 -066.81432227
112  10.28663848 -066.81442693  10.28663393 -066.81448572
111  10.28660251 -066.81397795
112  10.28675455 -066.81410813  10.28687467 -066.81411073
111  10.28689555 -066.81410751
114  10.28701124 -066.81403244  10.28701664 -066.81395898
110 2 0.00 120.0000 New Taxiway 7
111  10.28726810 -066.81746874
112  10.28711999 -066.81734667  10.28698901 -066.81734983
111  10.28697949 -066.81735759
112  10.28685082 -066.81755313  10.28686579 -066.81773568
111  10.28682607 -066.81760859
111  10.28678117 -066.81706476
112  10.28696844 -066.81714990  10.28710689 -066.81716590
111  10.28713352 -066.81714707
112  10.28723877 -066.81703216  10.28728367 -066.81694469
113  10.28729006 -066.81720167
110 2 0.00 120.0000 New Taxiway 6
111  10.28741478 -066.81949700
112  10.28727853 -066.81943968  10.28716001 -066.81945077
111  10.28710566 -066.81946060
112  10.28699150 -066.81964346  10.28698738 -066.81978569
111  10.28691346 -066.81894724
112  10.28708508 -066.81922634  10.28720845 -066.81922236
111  10.28729088 -066.81920960
112  10.28736620 -066.81909450  10.28735797 -066.81898574
113  10.28741025 -066.81929745
110 2 0.00 120.0000 New Taxiway 1
111  10.28769655 -066.82180172
111  10.28736688 -066.81920650
111  10.28723877 -066.81703216
111  10.28700390 -066.81410258
111  10.28703593 -066.81321285
111  10.28809285 -066.81412428
111  10.29076184 -066.81400492
111  10.29112483 -066.81937402
111  10.29125294 -066.81940657
111  10.29125294 -066.81977548
111  10.29083658 -066.81981888
111  10.29081522 -066.82079541
111  10.29044156 -066.82077371
111  10.29043089 -066.82101241
111  10.28973695 -066.82100156
111  10.28971560 -066.82157663
112  10.28866332 -066.82162949  10.28782764 -066.82156631
113  10.28786470 -066.82180476
112  10.28769826 -066.82053790  10.28778585 -066.82061028
112  10.28789439 -066.82053541  10.28799889 -066.82044498
112  10.28796179 -066.81960282  10.28795296 -066.81940554
112  10.28765574 -066.81969520  10.28762715 -066.81977050
113  10.28760238 -066.82011741
112  10.28770371 -066.81745896  10.28769080 -066.81720951
111  10.28748411 -066.81744583
112  10.28760037 -066.81903442  10.28766496 -066.81942829
113  10.28780706 -066.81912633
112  10.28754870 -066.81457864  10.28752286 -066.81414538
111  10.28723867 -066.81451299
112  10.28745827 -066.81691558  10.28752286 -066.81723068
113  10.28763912 -066.81675804
110 2 0.00 120.0000 New Taxiway 18
111  10.28778345 -066.82458290
111  10.28769655 -066.82180172
111  10.28786470 -066.82180476
113  10.28795479 -066.82455455
110 2 0.00 120.0000 New Taxiway 12
111  10.28734997 -066.82461623
112  10.28759481 -066.82473996  10.28774546 -066.82472747
111  10.28778345 -066.82458290
111  10.28795479 -066.82455455
111  10.28801787 -066.82560795
111  10.28782735 -066.82561625
111  10.28770760 -066.82538389
113  10.28740416 -066.82537735
112  10.28777039 -066.82501375  10.28771537 -066.82493955
112  10.28765205 -066.82492831  10.28755848 -066.82489513
112  10.28742554 -066.82499234  10.28739695 -066.82505128
112  10.28742237 -066.82520458  10.28745999 -066.82528685
112  10.28773298 -066.82522824  10.28779018 -066.82518014
113  10.28779770 -066.82512083
110 2 0.00 120.0000 New Taxiway 9
112  10.28611370 -066.80710994  10.28623300 -066.80711350
111  10.28624703 -066.80718839
112  10.28625054 -066.80728468  10.28625405 -066.80738096
113  10.28611721 -066.80737026
110 2 0.00 120.0000 New Taxiway 6
111  10.28602845 -066.81817685
111  10.28537135 -066.81817211
111  10.28514110 -066.81794143
111  10.28514110 -066.81740887
111  10.28536948 -066.81727834
111  10.28536574 -066.81706142
111  10.28568052 -066.81705905
111  10.28577252 -066.81712692
111  10.28637919 -066.81712692
112  10.28651973 -066.81695400  10.28650432 -066.81676082
111  10.28656596 -066.81686628
111  10.28657340 -066.81743783
112  10.28641001 -066.81729922  10.28626103 -066.81731489
113  10.28603032 -066.81730302
120 Linear Feature 19
111  10.28676619 -066.81430961 4
115  10.28675455 -066.81410813
120 Linear Feature 18
111  10.28697949 -066.81735759 4
115  10.28696844 -066.81714990
120 Linear Feature 17
111  10.28764123 -066.81403317 51
116  10.28780446 -066.81429489  10.28787141 -066.81444374
120 Linear Feature 16
111  10.28713916 -066.81440392 51
115  10.28711562 -066.81386470
120 Linear Feature 15
111  10.28645551 -066.81391234 51
112  10.28680590 -066.81418025  10.28714544 -066.81417386 51
112  10.28711562 -066.81386470  10.28712593 -066.81371490 51
116  10.28764123 -066.81403317  10.28817130 -066.81462721
120 Linear Feature 14
111  10.28734796 -066.81694755 51
111  10.28713916 -066.81440392 51
112  10.28680590 -066.81418025  10.28646636 -066.81418664 51
116  10.28650663 -066.81452853  10.28652550 -066.81485445
120 Linear Feature 13
111  10.28739735 -066.81745824 51
116  10.28734796 -066.81694755  10.28731146 -066.81683406
120 Linear Feature 12
111  10.28714759 -066.81723907 51
116  10.28734796 -066.81694755  10.28732005 -066.81666165
120 Linear Feature 11
111  10.28601071 -066.80757709 51
111  10.28599088 -066.80728255 51
112  10.28613413 -066.80713360  10.28631043 -066.80719295 51
112  10.28614404 -066.80733295  10.28608564 -066.80734974 51
116  10.28601071 -066.80757709  10.28601512 -066.80781115
120 Linear Feature 10
111  10.28645414 -066.81721593 51
115  10.28602681 -066.81721676
120 Linear Feature 9
111  10.28667029 -066.81690502 51
116  10.28645414 -066.81721593  10.28619815 -066.81723223
120 Linear Feature 8
111  10.28672459 -066.81766317 51
116  10.28645414 -066.81721593  10.28619815 -066.81723223
120 Linear Feature 7
111  10.28714759 -066.81723907 51
116  10.28667029 -066.81690502  10.28664170 -066.81651577
120 Linear Feature 6
111  10.28714759 -066.81723907 51
116  10.28672459 -066.81766317  10.28673888 -066.81804951
120 Linear Feature 5
111  10.28739839 -066.81745692 51
116  10.28714759 -066.81723907  10.28691609 -066.81724778
120 Linear Feature 4
111  10.28737014 -066.82480345 51
116  10.28720603 -066.82448543  10.28718456 -066.82421045
120 Linear Feature 3
111  10.28740999 -066.82528575 51
116  10.28724354 -066.82499910  10.28723710 -066.82476558
120 Linear Feature 13
111  10.28710566 -066.81946060 4
115  10.28709054 -066.81922726
120 Linear Feature 12
111  10.28729522 -066.81931191 51
116  10.28748924 -066.81913495  10.28748692 -066.81896729
120 Linear Feature 2
111  10.28698764 -066.81933677 51
116  10.28683450 -066.81920282  10.28682169 -066.81905642
120 Linear Feature 1
111  10.28698764 -066.81933677 51
116  10.28685370 -066.81949397  10.28686164 -066.81963171
120 Linear Feature 11
111  10.28751347 -066.81953828 51
112  10.28729522 -066.81931191  10.28716278 -066.81931664 51
115  10.28698764 -066.81933677
120 Linear Feature 10
111  10.28777653 -066.82180904 51
112  10.28765969 -066.82093368  10.28762135 -066.82078302 51
111  10.28751347 -066.81953828 51
111  10.28748924 -066.81913495 51
115  10.28739839 -066.81745692
120 Linear Feature 19
111  10.28787163 -066.82458318 51
115  10.28777794 -066.82181195
120 Linear Feature 17
111  10.28740999 -066.82528575 51
112  10.28788731 -066.82512895  10.28788534 -066.82482036 51
115  10.28787163 -066.82458318
120 Linear Feature 16
111  10.28737014 -066.82480345 51
116  10.28787163 -066.82458318  10.28788157 -066.82418315
120 Linear Feature 15
111  10.28770386 -066.82496335 9
115  10.28768537 -066.82471419
120 Linear Feature 14
111  10.28782758 -066.82561487 9
115  10.28779770 -066.82512083
120 Linear Feature 10
111  10.28617372 -066.80736809 3
115  10.28615513 -066.80711390
120 Linear Feature 7
111  10.28613027 -066.81730617 4
115  10.28613015 -066.81712836
21  10.28691887 -066.82398090 3 92.8800 3.0 RWY10PAPI
14  10.28526009 -066.81834491  98.43 0 New Tower Viewpoint 11
18  10.28571952 -066.81870809 1 New Airport Beacon 6
19  10.28672946 -066.80844942 0 New Windsock 3
19  10.28675330 -066.82396202 0 New Windsock 2
53 12170 GND
54 11800 CARACAS TWR
55 11920 TUY APP

1    574 1 0 SVMP METROPOLITANO
100 29.87 1 0 0.25 0 0 0 08  10.13171704 -066.79419706    0    0 2 0 0 0 26  10.13460506 -066.78150241   98    0 2 0 0 0
110 2 0.00 120.0000 New Taxiway 14
111  10.13381952 -066.78722276
111  10.13501977 -066.78190346
112  10.13468179 -066.78202661  10.13440126 -066.78271053
111  10.13441460 -066.78233146
111  10.13468427 -066.78162611
112  10.13502243 -066.78146643  10.13511112 -066.78158362
111  10.13524091 -066.78183266
111  10.13568651 -066.78030211
112  10.13658275 -066.78082581  10.13647171 -066.78158318
111  10.13653516 -066.78224385
111  10.13610687 -066.78415382
111  10.13571030 -066.78411465
111  10.13530580 -066.78589525
113  10.13488820 -066.78752920
110 2 0.00 120.0000 New Taxiway 11
111  10.13263494 -066.79212813
111  10.13346854 -066.78866229
111  10.13355888 -066.78870671
111  10.13324095 -066.79016953
111  10.13284219 -066.79186207
112  10.13326687 -066.79197231  10.13338796 -066.79200307
111  10.13335347 -066.79190649
112  10.13360238 -066.79197141  10.13361584 -066.79201241
111  10.13360238 -066.79209784
111  10.13381429 -066.79217643
111  10.13375038 -066.79240878
111  10.13352838 -066.79235411
111  10.13350484 -066.79240536
112  10.13321219 -066.79231652  10.13329292 -066.79225843
111  10.13318865 -066.79225502
112  10.13290887 -066.79217593  10.13264016 -066.79209794
113  10.13272161 -066.79216110
110 2 0.00 120.0000 New Taxiway 10
111  10.13355888 -066.78870671
112  10.13309432 -066.78870959  10.13303473 -066.78887468
111  10.13309873 -066.78861482
111  10.13316260 -066.78835183
112  10.13345773 -066.78848478  10.13374593 -066.78834402
111  10.13374339 -066.78753622
112  10.13340210 -066.78744817  10.13329375 -066.78777836
111  10.13335334 -066.78743167
111  10.13347794 -066.78689787
112  10.13381952 -066.78722276  10.13412762 -066.78729085
111  10.13488820 -066.78752920
111  10.13470774 -066.78801284
111  10.13445227 -066.78793027
111  10.13432453 -066.78843750
111  10.13459162 -066.78852008
113  10.13453137 -066.78901067
110 2 0.00 120.0000 New Taxiway 9
111  10.13376460 -066.79208829
111  10.13299783 -066.79184132
111  10.13340926 -066.79018853
111  10.13324095 -066.79016953
111  10.13355888 -066.78870671
113  10.13453137 -066.78901067
110 2 0.00 120.0000 New Taxiway 8
111  10.13299783 -066.79535589
111  10.13213754 -066.79512792
111  10.13286691 -066.79220228
113  10.13374590 -066.79244925
110 2 0.00 120.0000 New Taxiway 7
111  10.13229586 -066.79352982
111  10.13263494 -066.79212813
111  10.13272161 -066.79216110
113  10.13239493 -066.79355549
110 2 0.00 120.0000 New Taxiway 6
111  10.13187112 -066.79401939
111  10.13194275 -066.79374651
112  10.13195698 -066.79375113  10.13194160 -066.79393188
111  10.13221665 -066.79387781
111  10.13229586 -066.79352982
111  10.13239493 -066.79355549
111  10.13222313 -066.79437152
112  10.13184395 -066.79423570  10.13197826 -066.79426299
111  10.13209266 -066.79427686
112  10.13208920 -066.79404843  10.13192355 -066.79395747
113  10.13188304 -066.79406362
110 2 0.00 120.0000 New Taxiway 5
111  10.13084926 -066.79479443
111  10.13321499 -066.79560117
111  10.13393040 -066.79287148
111  10.13508433 -066.78813814
111  10.13529335 -066.78718265
112  10.13504529 -066.78692850  10.13491756 -066.78690491
111  10.13504389 -066.78685451
111  10.13539786 -066.78702929
111  10.13480563 -066.78981320
111  10.13338893 -066.79563367
112  10.13294766 -066.79563367  10.13256445 -066.79548032
111  10.13075293 -066.79487871
111  10.12988514 -066.79437147
112  10.12959058 -066.79252637  10.13032413 -066.79167789
112  10.13098349 -066.79067802  10.13129789 -066.79009681
112  10.13167344 -066.78843428  10.13166183 -066.78842248
112  10.13276500 -066.78743160  10.13284629 -066.78704233
111  10.13376309 -066.78289594
111  10.13463017 -066.77945799
112  10.13436634 -066.77878174  10.13411726 -066.77854202
111  10.13398616 -066.77840219
111  10.13403204 -066.77838221
111  10.13468097 -066.77904809
112  10.13468753 -066.77971396  10.13454332 -066.77988042
111  10.13283116 -066.78761076
112  10.13211013 -066.78824334  10.13179549 -066.78844310
111  10.13171652 -066.78857980
111  10.13109411 -066.79078917
112  10.12956372 -066.79280398  10.12924530 -066.79313088
114  10.12982457 -066.79411036  10.13000723 -066.79432447
110 2 0.00 120.0000 New Taxiway 3
111  10.13209266 -066.79427686
111  10.13232793 -066.79441374
111  10.13226895 -066.79463575
111  10.13197864 -066.79461216
111  10.13194381 -066.79439982
112  10.13107288 -066.79417570  10.13095676 -066.79414031
111  10.13097998 -066.79429366
111  10.13085225 -066.79478910
111  10.13076408 -066.79477730
111  10.13089870 -066.79424524
111  10.13027163 -066.79400931
111  10.13070129 -066.79216911
111  10.13068967 -066.79182702
111  10.13072451 -066.79155571
111  10.13085225 -066.79157930
111  10.13088708 -066.79142595
111  10.13102643 -066.79152032
111  10.13058516 -066.79349028
111  10.13052710 -066.79380878
111  10.13088708 -066.79390315
111  10.13094515 -066.79362004
111  10.13072479 -066.79356504
111  10.13096837 -066.79261736
111  10.13124707 -066.79271173
111  10.13147931 -066.79176804
111  10.13123545 -066.79166187
111  10.13130513 -066.79148493
111  10.13135158 -066.79150852
111  10.13138641 -066.79134337
111  10.13111933 -066.79127260
111  10.13121223 -066.79061036
111  10.13164189 -066.79072832
111  10.13192058 -066.78986720
111  10.13145609 -066.78971385
111  10.13157221 -066.78917123
111  10.13201348 -066.78930098
112  10.13229218 -066.78838088  10.13238508 -066.78803879
111  10.13289602 -066.78840447
112  10.13283796 -066.78851064  10.13233863 -066.78827472
111  10.13240830 -066.78845166
112  10.13108396 -066.79391994  10.13104457 -066.79404500
113  10.13160000 -066.79415534
20  10.13084654 -066.79431188 253.6519 0 2 {@R}ROAD-NO_ENTRY
20  10.13099562 -066.79434535 254.2488 0 3 {@R}NO_PASE_-_CARRETERA
53 12190 GND
54 12200 TWR
99
