I
1000 Generated by WorldEditor


1     29 1 0 VCBI BANDARANAIKE INTL COLOMBO
100 45.11 1 0 0.25 1 3 0 04  07.16891014  079.87510416    0   66 3 1 0 1 22  07.19335793  079.89379364    0    0 3 2 1 1
110 2 0.00 120.0000 Taxiway_Ramp
111  07.16879473  079.87525551
112  07.16809183  079.87622603  07.16780338  079.87671642
111  07.16808132  079.87707154
111  07.17269196  079.88059964
111  07.17247382  079.88087448
111  07.17071500  079.88327926
111  07.17281467  079.88495574
111  07.17441595  079.88262568
111  07.17489706  079.88298797
111  07.17321521  079.88530064
111  07.17730747  079.88853600
111  07.17753559  079.88825803
111  07.17936997  079.88583709
111  07.18052459  079.88683202
111  07.17985651  079.88779395
111  07.18125806  079.88893449
111  07.18067457  079.88987574
111  07.18194255  079.89079645
111  07.18240611  079.89005439
112  07.18184711  079.88969710  07.18164530  079.88955051
111  07.18177894  079.88946349
112  07.18217739  079.88889547  07.18267762  079.88816078
111  07.18308726  079.88848778
111  07.18685558  079.89130904
112  07.19153372  079.89488627  07.19230334  079.89554210
111  07.19259719  079.89494269
111  07.19324090  079.89393803
111  07.19295231  079.89371588
111  07.19290521  079.89378392
112  07.19242696  079.89450695  07.19213002  079.89496277
111  07.19178930  079.89458729
112  07.18685557  079.89075559  07.18644314  079.89043967
111  07.18660811  079.89025676
112  07.18703704  079.88959165  07.18721334  079.88934662
111  07.18743300  079.88949069
112  07.18670139  079.88891632  07.18687782  079.88905435
111  07.18674009  079.88925910
112  07.18620072  079.89003552  07.18605225  079.89027339
111  07.18578324  079.89000735
112  07.17856434  079.88428904  07.17814425  079.88402063
111  07.17827939  079.88379021
112  07.17866932  079.88323092  07.17880430  079.88304480
111  07.17898982  079.88301769
112  07.17823914  079.88248067  07.17844911  079.88269230
111  07.17832438  079.88294372
112  07.17797943  079.88344255  07.17780266  079.88367473
111  07.17734953  079.88335185
112  07.17462328  079.88134934  07.17421354  079.88106776
111  07.17439047  079.88097391
112  07.17485609  079.88028875  07.17497715  079.88010103
111  07.17541615  079.88030286
111  07.17523872  079.88017230
112  07.17445350  079.87957387  07.17464386  079.87977547
111  07.17452859  079.88006916
112  07.17412102  079.88068407  07.17394756  079.88089970
111  07.17372402  079.88068064
112  07.16876014  079.87688863  07.16823273  079.87652783
111  07.16847332  079.87636210
112  07.16888307  079.87576330  07.16904696  079.87552584
113  07.16931963  079.87561794
111  07.17328244  079.88100915
112  07.17352414  079.88127840  07.17352414  079.88129122
112  07.17337149  079.88143866  07.17323792  079.88134250
112  07.17275453  079.88094505  07.17272272  079.88093864
114  07.17273544  079.88066939  07.17288810  079.88066298
112  07.17566878  079.88282976  07.17588567  079.88305542
111  07.17562680  079.88312594
112  07.17433701  079.88216691  07.17346944  079.88150405
111  07.17405715  079.88156046
113  07.17520457  079.88249833
21  07.17096283  079.87610675 2 37.2500 3.0 04  PAPI-4L
21  07.19036271  079.89198922 2 217.2500 3.0 22  PAPI-4L
18  07.18161413  079.88297749 1 BCN
19  07.16878140  079.87417180 1 WS
19  07.19246742  079.89378031 1 WS
50 12720 ATIS
53 12190 COLOMBO GND
54 11870 COLOMBO TWR
54 12380 COLOMBO TWR
55 12090 COLOMBO APP
99
